RP OK!
Getting device info...model: 24
FW min: 25
FW maj: 1
HW: 5
Serial: B0 E4 9A F2 C1 EA 9F C3 BE EB 9C F3 3F 37 32 03 
Spinning up...
Scanning...
dist ; theta
____________
1431 , 352, 1488
1283 , 33, 1510
1301 , 34, 1533
3971 , 204, 1555
3971 , 242, 1578
9167 , 0, 1601
14799 , 0, 1624
8073 , 116, 1646
8118 , 124, 1670
1832 , 194, 1692
7848 , 26, 1715
1334 , 37, 1758
1348 , 38, 1781
3971 , 306, 1804
3971 , 342, 1826
7375 , 32, 1850
2127 , 30, 1872
8218 , 124, 1895
8262 , 124, 1917
3817 , 338, 1939
11881 , 182, 1962
4201 , 30, 1985
898 , 44, 2007
883 , 44, 2030
3971 , 500, 2053
3971 , 48, 2074
8399 , 30, 2097
6479 , 26, 2119
8408 , 124, 2142
8451 , 124, 2165
8495 , 124, 2187
13610 , 270, 2210
8682 , 110, 2233
867 , 51, 2255
876 , 51, 2278
3971 , 318, 2300
3971 , 412, 2323
12111 , 33, 2346
7119 , 33, 2369
1615 , 34, 2391
8906 , 4, 2414
8713 , 124, 2437
6699 , 6, 2460
1259 , 350, 2483
1036 , 56, 2506
1015 , 59, 2529
3971 , 291, 2551
3971 , 419, 2574
719 , 35, 2597
11855 , 34, 2618
7375 , 35, 2641
8883 , 124, 2664
8927 , 124, 2686
5739 , 182, 2709
2796 , 26, 2731
944 , 64, 2754
929 , 64, 2777
3971 , 465, 2799
3972 , 127, 2822
3972 , 289, 2845
4175 , 32, 2868
15311 , 30, 2891
9100 , 124, 2914
9143 , 124, 2936
12076 , 398, 2958
11244 , 234, 2981
878 , 71, 3003
868 , 72, 3026
858 , 73, 3048
3972 , 91, 3071
3972 , 325, 3094
8399 , 30, 3116
3919 , 30, 3139
9308 , 124, 3162
9352 , 124, 3185
6720 , 70, 3207
6592 , 434, 3230
833 , 77, 3254
826 , 78, 3276
820 , 81, 3299
3973 , 241, 3321
3972 , 235, 3343
14799 , 33, 3366
9551 , 32, 3389
9525 , 124, 3411
9573 , 124, 3434
7553 , 274, 3456
7745 , 114, 3478
9281 , 462, 3501
800 , 86, 3523
796 , 87, 3546
3971 , 135, 3570
3970 , 441, 3592
4431 , 36, 3615
15183 , 37, 3638
9750 , 124, 3660
9794 , 124, 3682
9838 , 124, 3705
14530 , 374, 3727
898 , 214, 3750
786 , 92, 3773
784 , 95, 3796
3970 , 213, 3818
3970 , 293, 3841
10191 , 43, 3864
5199 , 44, 3886
9965 , 124, 3930
10009 , 124, 3953
8579 , 158, 3975
2883 , 510, 3998
784 , 98, 4021
785 , 99, 4043
3971 , 405, 4066
3971 , 371, 4089
2639 , 48, 4112
6464 , 49, 4134
7247 , 0, 4157
10175 , 124, 4179
10220 , 124, 4202
10435 , 322, 4224
13956 , 158, 4247
789 , 105, 4270
791 , 106, 4293
3968 , 1, 4315
1923 , 45, 4338
3971 , 107, 4361
9536 , 0, 4383
10063 , 0, 4406
10383 , 124, 4429
10427 , 124, 4452
13124 , 382, 4475
964 , 222, 4498
805 , 111, 4520
808 , 112, 4543
815 , 113, 4566
3971 , 321, 4588
3971 , 311, 4611
2127 , 64, 4634
13519 , 65, 4657
10593 , 124, 4679
10637 , 124, 4702
15813 , 138, 4725
12165 , 498, 4748
834 , 116, 4771
842 , 119, 4794
849 , 119, 4817
3968 , 1, 4840
3968 , 1, 4862
5583 , 75, 4886
463 , 75, 4908
10802 , 124, 4931
10846 , 124, 4954
9222 , 254, 4977
12038 , 102, 5000
15814 , 450, 5023
885 , 124, 5046
895 , 126, 5068
3972 , 507, 5091
3972 , 65, 5114
4032 , 0, 5137
4175 , 0, 5159
11007 , 124, 5182
11050 , 124, 5205
11095 , 124, 5228
14471 , 130, 5251
9095 , 494, 5274
945 , 130, 5297
960 , 132, 5320
3972 , 247, 5343
3972 , 163, 5366
9295 , 73, 5389
4047 , 73, 5411
11204 , 124, 5434
11249 , 122, 5457
11294 , 124, 5480
9992 , 230, 5503
6280 , 90, 5526
1030 , 136, 5549
1050 , 139, 5571
3972 , 403, 5594
3971 , 431, 5618
12623 , 72, 5641
7503 , 72, 5663
2383 , 73, 5687
11457 , 124, 5710
11500 , 124, 5733
10440 , 374, 5755
8649 , 230, 5778
1144 , 143, 5800
1172 , 145, 5823
3971 , 271, 5846
3971 , 375, 5869
3971 , 221, 5891
9295 , 75, 5914
4047 , 75, 5937
139 , 124, 5959
182 , 124, 5982
393 , 474, 6005
14921 , 342, 6027
1271 , 149, 6050
1310 , 150, 6073
3971 , 479, 6096
3972 , 111, 6118
3972 , 269, 6141
12367 , 77, 6164
7503 , 76, 6187
345 , 124, 6210
390 , 124, 6233
9546 , 82, 6255
8586 , 454, 6278
925 , 157, 6300
788 , 158, 6322
778 , 159, 6345
3972 , 425, 6368
3972 , 143, 6391
14799 , 80, 6414
9807 , 80, 6437
542 , 124, 6459
585 , 124, 6481
5131 , 146, 6504
4683 , 14, 6526
4491 , 366, 6549
751 , 165, 6572
730 , 166, 6594
3973 , 397, 6617
3973 , 227, 6640
16335 , 85, 6663
11599 , 82, 6686
737 , 124, 6709
781 , 124, 6731
4300 , 182, 6754
4236 , 22, 6778
4172 , 358, 6800
821 , 171, 6823
815 , 172, 6845
3973 , 395, 6868
3974 , 335, 6891
591 , 72, 6914
12111 , 71, 6937
936 , 124, 6959
978 , 124, 6982
1021 , 124, 7005
5069 , 6, 7027
5581 , 334, 7050
808 , 177, 7074
913 , 177, 7097
3976 , 309, 7119
136 , 87, 7142
15823 , 65, 7165
10575 , 62, 7187
5711 , 61, 7210
1156 , 124, 7233
1199 , 124, 7256
8141 , 366, 7279
9293 , 206, 7302
1071 , 181, 7325
1075 , 182, 7347
3976 , 75, 7370
3976 , 327, 7392
14287 , 59, 7415
9423 , 57, 7438
4175 , 57, 7461
1337 , 124, 7483
1381 , 124, 7506
13582 , 246, 7529
15566 , 90, 7551
999 , 186, 7574
1000 , 189, 7598
3976 , 222, 7621
3976 , 328, 7643
3976 , 0, 7666
4943 , 53, 7689
16207 , 52, 7711
1535 , 124, 7734
1575 , 124, 7758
5327 , 94, 7781
7567 , 442, 7803
0 , 199, 7826
1080 , 194, 7849
1081 , 195, 7872
3977 , 42, 7894
137 , 450, 7917
4815 , 50, 7940
15823 , 50, 7963
1727 , 124, 7986
1769 , 124, 8009
79 , 94, 8031
4111 , 434, 8054
1096 , 199, 8075
1098 , 200, 8098
1103 , 201, 8121
3977 , 310, 8143
3977 , 286, 8166
4303 , 48, 8188
16079 , 47, 8211
1913 , 124, 8234
1955 , 124, 8256
16016 , 70, 8279
3792 , 398, 8302
8464 , 246, 8325
1115 , 206, 8348
1139 , 206, 8371
3977 , 228, 8394
3977 , 228, 8416
2511 , 47, 8438
13903 , 46, 8461
2094 , 124, 8483
2141 , 124, 8506
2186 , 124, 8529
8529 , 302, 8551
15185 , 126, 8574
1003 , 211, 8596
963 , 212, 8619
3977 , 306, 8642
3977 , 392, 8665
15439 , 45, 8688
10575 , 44, 8710
2278 , 124, 8734
2322 , 124, 8756
2370 , 124, 8778
4498 , 170, 8801
11922 , 506, 8824
1004 , 217, 8847
999 , 219, 8870
3977 , 72, 8893
3977 , 152, 8915
12879 , 45, 8938
8143 , 44, 8961
3151 , 45, 8983
2513 , 124, 9006
2559 , 124, 9030
1170 , 78, 9052
11730 , 438, 9074
1025 , 222, 9097
1044 , 225, 9119
3977 , 70, 9142
3977 , 190, 9165
3977 , 404, 9187
6479 , 45, 9210
1615 , 45, 9233
2697 , 124, 9255
2742 , 124, 9278
7827 , 194, 9300
5267 , 86, 9323
1114 , 228, 9346
1138 , 231, 9369
3977 , 330, 9391
3978 , 80, 9414
3978 , 310, 9438
4303 , 44, 9460
15439 , 45, 9482
2882 , 124, 9505
2924 , 124, 9528
11732 , 162, 9550
12116 , 494, 9573
1223 , 235, 9596
1257 , 235, 9618
1349 , 236, 9641
3978 , 2, 9663
3978 , 444, 9686
719 , 46, 9709
12111 , 46, 9732
3064 , 124, 9755
3105 , 124, 9778
8917 , 126, 9800
8213 , 474, 9822
12885 , 250, 9845
1485 , 241, 9867
1536 , 243, 9890
3977 , 88, 9914
3977 , 88, 9936
16207 , 44, 9959
11727 , 42, 9982
3243 , 124, 10004
3284 , 124, 10026
10581 , 462, 10049
9301 , 298, 10072
22 , 202, 10095
2115 , 247, 10118
2144 , 248, 10140
3976 , 86, 10162
3976 , 178, 10185
15055 , 39, 10207
9679 , 40, 10230
3421 , 124, 10253
3468 , 124, 10276
3512 , 124, 10299
23 , 302, 10322
13078 , 490, 10344
2130 , 253, 10366
2118 , 253, 10389
3975 , 2, 10412
3975 , 184, 10435
11599 , 41, 10458
6735 , 43, 10480
1231 , 43, 10503
3643 , 124, 10526
3687 , 124, 10548
9943 , 46, 10571
10327 , 402, 10594
2066 , 258, 10617
2093 , 259, 10639
3974 , 350, 10662
3974 , 98, 10685
13775 , 27, 10707
9295 , 27, 10730
3407 , 26, 10752
3828 , 124, 10775
3872 , 124, 10798
24 , 146, 10821
24 , 494, 10843
2392 , 263, 10866
2381 , 264, 10888
3974 , 476, 10911
3974 , 292, 10934
3974 , 120, 10957
5199 , 26, 10979
15951 , 27, 11002
4002 , 124, 11025
4048 , 124, 11047
16280 , 374, 11070
1240 , 226, 11093
0 , 277, 11116
0 , 278, 11139
2345 , 272, 11162
3974 , 222, 11185
3974 , 82, 11207
2255 , 33, 11230
13007 , 31, 11253
4186 , 124, 11275
4230 , 124, 11298
6617 , 346, 11321
4953 , 186, 11344
2334 , 274, 11366
2334 , 277, 11390
2330 , 277, 11411
3973 , 234, 11434
3909 , 146, 11457
1359 , 29, 11479
12111 , 28, 11502
4371 , 124, 11525
4412 , 124, 11547
8922 , 306, 11570
6170 , 166, 11592
9306 , 26, 11614
2340 , 282, 11637
2342 , 283, 11660
3973 , 448, 11682
3973 , 388, 11706
16335 , 28, 11728
11727 , 27, 11750
4549 , 124, 11773
4591 , 124, 11796
4635 , 124, 11819
8475 , 118, 11842
11739 , 470, 11865
2370 , 287, 11887
2374 , 288, 11910
3973 , 248, 11933
3973 , 230, 11955
12751 , 27, 11978
7503 , 26, 12001
4722 , 124, 12024
4763 , 124, 12047
4808 , 124, 12070
11931 , 14, 12092
283 , 366, 12115
2421 , 293, 12138
2434 , 295, 12161
3973 , 210, 12183
3973 , 198, 12206
11215 , 25, 12230
6607 , 25, 12252
16207 , 24, 12275
4948 , 124, 12298
5004 , 124, 12321
16156 , 402, 12343
5404 , 230, 12366
2504 , 298, 12389
2536 , 301, 12412
3973 , 268, 12435
3973 , 258, 12458
3973 , 328, 12481
4175 , 25, 12503
15311 , 25, 12527
5164 , 124, 12550
5205 , 100, 12573
12253 , 366, 12595
3997 , 198, 12618
2636 , 304, 12641
2657 , 307, 12663
3973 , 420, 12686
3973 , 488, 12709
3973 , 36, 12732
2639 , 25, 12754
14799 , 25, 12778
5342 , 124, 12800
5386 , 124, 12822
13469 , 234, 12846
8798 , 54, 12869
2554 , 311, 12891
2468 , 312, 12914
2380 , 313, 12938
3973 , 286, 12960
3973 , 216, 12983
847 , 25, 13006
12239 , 25, 13029
5523 , 124, 13051
5567 , 124, 13074
1246 , 122, 13098
14558 , 418, 13120
2782 , 258, 13143
2160 , 318, 13166
2111 , 319, 13188
3972 , 302, 13211
3972 , 436, 13234
14159 , 25, 13257
9807 , 25, 13279
5697 , 124, 13302
5944 , 124, 13325
32 , 302, 13348
32 , 146, 13370
3871 , 162, 13394
1962 , 323, 13417
1917 , 324, 13439
3973 , 336, 13462
3973 , 480, 13486
13647 , 24, 13508
7631 , 24, 13530
5883 , 124, 13553
5926 , 124, 13575
5972 , 124, 13598
5408 , 306, 13620
5088 , 146, 13642
1795 , 329, 13666
1769 , 330, 13688
3973 , 206, 13711
3971 , 476, 13734
9423 , 25, 13757
4687 , 26, 13779
15695 , 26, 13802
6111 , 124, 13825
6359 , 124, 13848
7776 , 130, 13870
6688 , 478, 13893
1679 , 334, 13915
1657 , 337, 13938
3971 , 276, 13961
3971 , 292, 13983
5071 , 27, 14006
591 , 26, 14028
11471 , 26, 14051
6281 , 124, 14074
6326 , 124, 14096
13921 , 22, 14119
34 , 218, 14142
1599 , 341, 14165
1576 , 342, 14187
2179 , 44, 14210
3971 , 476, 14232
3972 , 170, 14254
12367 , 29, 14277
6991 , 29, 14299
6465 , 124, 14322
6509 , 124, 14344
8226 , 486, 14366
6690 , 318, 14389
1530 , 347, 14411
1517 , 348, 14434
1504 , 349, 14456
3971 , 144, 14478
3971 , 2, 14501
10191 , 31, 14523
5071 , 30, 14546
6645 , 124, 14569
6690 , 124, 14591
8098 , 398, 14614
7843 , 234, 14636
1481 , 352, 14658
1473 , 353, 14681
1467 , 354, 14703
3971 , 128, 14726
3971 , 32, 14748
6351 , 32, 14770
207 , 33, 14793
6840 , 124, 14815
6883 , 124, 14838
13347 , 366, 14861
14691 , 198, 14883
1636 , 38, 14906
1446 , 359, 14928
1441 , 0, 14950
3971 , 246, 14973
3971 , 178, 14996
4175 , 37, 15018
15055 , 37, 15042
7028 , 124, 15064
7073 , 124, 15086
7118 , 124, 15109
10532 , 126, 15132
14692 , 478, 15154
1434 , 5, 15177
1433 , 7, 15199
3971 , 478, 15222
3971 , 436, 15245
16335 , 40, 15267
11471 , 38, 15290
7208 , 124, 15313
7249 , 124, 15336
7291 , 124, 15359
15077 , 34, 15382
5093 , 398, 15404
1440 , 10, 15427
1438 , 13, 15450
3971 , 296, 15472
3971 , 254, 15495
4559 , 29, 15518
14927 , 25, 15540
11087 , 24, 15563
7427 , 124, 15586
7468 , 124, 15609
11429 , 494, 15631
3686 , 322, 15654
1456 , 17, 15677
1461 , 18, 15700
3971 , 164, 15722
3971 , 152, 15746
3971 , 144, 15769
15438 , 22, 15791
9423 , 23, 15814
7610 , 124, 15837
7652 , 124, 15859
2150 , 458, 15882
11046 , 302, 15906
1489 , 23, 15928
1501 , 24, 15951
3971 , 136, 15974
3971 , 136, 15997
3971 , 132, 16019
10191 , 22, 16042
5455 , 25, 16065
7778 , 124, 16088
7820 , 124, 16111
807 , 310, 16134
1255 , 154, 16157
1331 , 28, 16179
1242 , 29, 16202
1252 , 30, 16225
3971 , 146, 16248
3971 , 162, 16270
7104 , 24, 16294
15311 , 0, 16316
7939 , 124, 16339
7984 , 124, 16362
7272 , 142, 16384
10728 , 502, 16407
15080 , 350, 16430
1297 , 35, 16453
1311 , 36, 16475
3971 , 234, 16498
3971 , 274, 16521
12751 , 0, 16543
8015 , 32, 16566
8109 , 124, 16588
8153 , 124, 16610
8808 , 486, 16633
808 , 342, 16656
8809 , 178, 16678
1370 , 40, 16701
1389 , 41, 16723
3971 , 374, 16746
3971 , 418, 16769
10575 , 30, 16791
6223 , 30, 16814
8293 , 124, 16837
8337 , 124, 16859
8381 , 124, 16882
15209 , 298, 16904
9129 , 130, 16926
875 , 47, 16949
867 , 48, 16971
3971 , 92, 16994
3971 , 168, 17016
12111 , 0, 17038
1871 , 0, 17061
13135 , 33, 17083
8512 , 124, 17105
8555 , 124, 17127
8106 , 170, 17150
2602 , 14, 17172
877 , 51, 17194
887 , 52, 17217
3971 , 380, 17239
3971 , 470, 17262
463 , 33, 17284
11471 , 34, 17307
6863 , 34, 17330
8677 , 76, 17352
8720 , 124, 17374
6698 , 482, 17397
1451 , 322, 17420
1046 , 57, 17443
1022 , 57, 17466
3971 , 239, 17488
3971 , 341, 17511
3971 , 475, 17534
3407 , 35, 17557
14159 , 35, 17579
8837 , 124, 17602
8880 , 124, 17625
9323 , 250, 17647
4907 , 90, 17670
970 , 61, 17693
954 , 62, 17716
936 , 65, 17738
3971 , 335, 17761
3971 , 487, 17784
12111 , 35, 17806
8143 , 35, 17829
8998 , 124, 17852
9041 , 124, 17875
15724 , 6, 17898
13868 , 366, 17920
912 , 66, 17943
901 , 68, 17966
888 , 69, 17989
3972 , 453, 18012
3972 , 141, 18035
5583 , 30, 18058
207 , 30, 18081
9158 , 124, 18103
9202 , 124, 18126
10924 , 302, 18150
8000 , 130, 18173
7808 , 482, 18196
858 , 73, 18218
848 , 74, 18242
3972 , 285, 18265
3972 , 15, 18287
15183 , 31, 18310
10447 , 31, 18334
9321 , 124, 18357
9364 , 124, 18379
9409 , 124, 18402
6528 , 410, 18426
6592 , 258, 18448
828 , 79, 18471
819 , 80, 18494
3973 , 71, 18517
3972 , 345, 18540
8143 , 32, 18563
2639 , 33, 18586
9486 , 124, 18609
9529 , 124, 18631
9575 , 124, 18654
7617 , 210, 18677
8641 , 34, 18699
806 , 84, 18722
802 , 84, 18745
3972 , 481, 18768
3971 , 185, 18790
14927 , 34, 18813
9679 , 34, 18836
4431 , 36, 18859
9691 , 124, 18882
9733 , 124, 18905
11585 , 462, 18928
12098 , 298, 18950
791 , 88, 18974
788 , 91, 18996
2946 , 401, 19019
3970 , 321, 19042
3970 , 336, 19066
1743 , 38, 19089
12367 , 38, 19112
9852 , 124, 19135
9896 , 124, 19158
1154 , 214, 19181
3138 , 50, 19203
785 , 94, 19227
783 , 95, 19250
3970 , 211, 19273
3970 , 271, 19296
3970 , 273, 19318
9167 , 45, 19342
3407 , 45, 19365
10012 , 124, 19387
10057 , 124, 19411
8899 , 454, 19434
13315 , 306, 19457
783 , 98, 19480
785 , 101, 19503
785 , 101, 19526
3971 , 367, 19549
3971 , 313, 19572
15311 , 50, 19595
9935 , 64, 19618
10177 , 124, 19641
10221 , 124, 19664
9091 , 246, 19686
12292 , 70, 19710
516 , 414, 19733
791 , 105, 19756
792 , 107, 19779
3971 , 135, 19802
3968 , 1, 19825
960 , 64, 19848
12096 , 0, 19870
10340 , 124, 19894
10385 , 124, 19917
6596 , 22, 19939
11716 , 350, 19962
644 , 202, 19986
803 , 111, 20008
807 , 112, 20031
3972 , 385, 20054
3971 , 363, 20077
847 , 67, 20099
12111 , 65, 20123
10514 , 124, 20146
10558 , 124, 20169
10600 , 124, 20191
8453 , 118, 20214
15877 , 110, 20237
823 , 115, 20260
830 , 117, 20283
3971 , 327, 20306
3971 , 309, 20330
7503 , 64, 20352
2383 , 65, 20375
12751 , 66, 20398
10714 , 124, 20421
10759 , 124, 20444
9158 , 10, 20467
8710 , 338, 20490
852 , 120, 20513
860 , 121, 20536
3968 , 1, 20558
3972 , 415, 20581
14159 , 75, 20604
9167 , 75, 20627
15296 , 73, 20650
10873 , 124, 20673
10915 , 124, 20696
12550 , 234, 20718
1350 , 42, 20741
886 , 124, 20764
896 , 126, 20787
3972 , 489, 20810
3972 , 29, 20833
3972 , 87, 20855
15567 , 0, 20878
10319 , 73, 20902
11027 , 124, 20924
11072 , 124, 20947
1991 , 410, 20970
12423 , 274, 20993
934 , 129, 21016
948 , 130, 21039
3972 , 155, 21083
3972 , 225, 21106
12495 , 73, 21129
7247 , 73, 21152
11146 , 124, 21175
11191 , 124, 21198
4615 , 326, 21221
16263 , 190, 21244
976 , 133, 21287
995 , 134, 21310
3972 , 213, 21334
3972 , 415, 21357
9167 , 73, 21379
4047 , 73, 21402
11266 , 122, 21425
11311 , 124, 21448
9480 , 302, 21470
6024 , 130, 21494
2760 , 510, 21517
1053 , 139, 21539
1075 , 139, 21562
3972 , 37, 21585
3971 , 499, 21608
847 , 72, 21630
11983 , 72, 21653
11424 , 124, 21676
11466 , 124, 21698
11510 , 124, 21722
10376 , 398, 21745
7625 , 238, 21767
1142 , 142, 21790
1171 , 145, 21813
3971 , 253, 21836
3971 , 361, 21859
8527 , 74, 21882
3279 , 74, 21905
14415 , 74, 21927
105 , 124, 21950
149 , 124, 21973
1737 , 166, 21996
329 , 6, 22019
1251 , 148, 22042
1270 , 149, 22065
3971 , 335, 22087
3971 , 459, 22110
1103 , 74, 22133
12239 , 75, 22156
6863 , 77, 22178
264 , 124, 22201
309 , 124, 22224
12106 , 414, 22246
10570 , 250, 22269
1237 , 152, 22292
1222 , 155, 22314
3972 , 351, 22337
3972 , 37, 22360
3972 , 175, 22383
4559 , 78, 22406
15951 , 78, 22428
426 , 124, 22451
472 , 124, 22474
7626 , 174, 22496
6283 , 30, 22519
781 , 158, 22542
756 , 161, 22564
750 , 163, 22587
3972 , 259, 22610
3972 , 457, 22633
13775 , 81, 22655
8271 , 83, 22678
592 , 124, 22700
635 , 124, 22722
4811 , 482, 22745
4619 , 326, 22767
748 , 164, 22790
730 , 165, 22813
741 , 166, 22835
3973 , 115, 22858
3973 , 429, 22879
6863 , 83, 22902
1615 , 79, 22924
754 , 124, 22946
798 , 124, 22969
4108 , 222, 22991
4300 , 42, 23014
4364 , 406, 23036
821 , 171, 23058
816 , 171, 23081
3973 , 327, 23103
3974 , 239, 23126
13903 , 72, 23148
8911 , 70, 23170
915 , 124, 23193
960 , 124, 23215
1005 , 124, 23238
4876 , 290, 23260
5709 , 142, 23282
801 , 175, 23305
0 , 182, 23327
3976 , 169, 23350
136 , 267, 23373
7887 , 65, 23395
2639 , 64, 23418
1082 , 124, 23440
1127 , 124, 23462
1169 , 124, 23485
7501 , 62, 23508
8781 , 434, 23530
0 , 187, 23553
1069 , 181, 23575
3968 , 0, 23598
3976 , 195, 23621
207 , 61, 23643
11855 , 59, 23666
6863 , 57, 23689
1287 , 124, 23712
1330 , 124, 23734
11662 , 358, 23758
13582 , 194, 23781
998 , 184, 23803
999 , 187, 23826
3976 , 194, 23849
3976 , 222, 23871
9423 , 56, 23915
4559 , 54, 23938
1423 , 124, 23961
1467 , 124, 23984
16270 , 254, 24007
1614 , 78, 24030
998 , 188, 24053
876 , 191, 24075
3976 , 424, 24118
3976 , 30, 24142
6095 , 53, 24165
591 , 52, 24187
1536 , 124, 24210
1584 , 124, 24233
5391 , 102, 24255
7695 , 470, 24278
0 , 198, 24301
1076 , 194, 24324
1083 , 194, 24347
3977 , 96, 24370
2697 , 8, 24393
15055 , 50, 24415
9935 , 50, 24438
1698 , 124, 24461
1946 , 124, 24483
14287 , 362, 24506
1359 , 190, 24530
4560 , 26, 24552
1095 , 198, 24575
1099 , 200, 24598
3968 , 0, 24620
3977 , 322, 24643
6991 , 49, 24666
1999 , 48, 24690
1852 , 124, 24712
1899 , 124, 24735
1943 , 124, 24758
14416 , 454, 24781
1808 , 298, 24803
1099 , 204, 24826
1108 , 205, 24848
3977 , 240, 24871
3977 , 224, 24894
15183 , 46, 24917
10063 , 46, 24939
2009 , 124, 24962
2053 , 124, 24985
2097 , 124, 25007
14033 , 110, 25030
2833 , 450, 25054
1135 , 209, 25077
1063 , 210, 25099
3977 , 256, 25122
3977 , 268, 25145
5455 , 46, 25167
719 , 45, 25190
11599 , 45, 25214
2211 , 124, 25237
2254 , 124, 25259
913 , 246, 25282
7761 , 82, 25305
968 , 213, 25327
979 , 214, 25350
3977 , 368, 25374
3977 , 462, 25396
3977 , 496, 25419
4303 , 44, 25442
15823 , 45, 25465
2355 , 124, 25487
2397 , 124, 25510
8722 , 386, 25534
1170 , 206, 25557
1012 , 218, 25579
986 , 219, 25602
3977 , 130, 25626
3977 , 242, 25648
3977 , 294, 25671
13647 , 45, 25694
8143 , 45, 25716
2520 , 124, 25739
2565 , 124, 25762
2450 , 146, 25785
11730 , 506, 25808
1028 , 223, 25830
1045 , 224, 25853
1067 , 226, 25876
3977 , 222, 25899
3977 , 456, 25922
7759 , 45, 25945
2255 , 45, 25968
2695 , 124, 25991
2737 , 124, 26014
10323 , 74, 26036
6227 , 14, 26059
1108 , 229, 26103
1131 , 230, 26126
3977 , 296, 26149
3978 , 22, 26171
6095 , 44, 26194
975 , 44, 26217
2819 , 124, 26239
2862 , 124, 26262
13076 , 122, 26306
11796 , 498, 26329
1182 , 232, 26352
1206 , 233, 26375
3978 , 398, 26398
3978 , 76, 26421
3407 , 44, 26443
14543 , 45, 26466
2936 , 124, 26489
2975 , 124, 26512
3022 , 124, 26535
7572 , 402, 26558
8852 , 250, 26581
1350 , 236, 26603
1388 , 239, 26626
3978 , 448, 26650
3978 , 154, 26672
10575 , 46, 26695
5711 , 47, 26718
335 , 46, 26741
3136 , 124, 26763
3178 , 124, 26786
13141 , 78, 26810
12309 , 422, 26833
1502 , 241, 26855
1551 , 242, 26878
3977 , 438, 26901
3977 , 8, 26923
3976 , 17, 26946
14287 , 41, 26970
8911 , 39, 26993
3294 , 124, 27015
3339 , 124, 27038
9301 , 330, 27061
22 , 210, 27083
2100 , 247, 27106
2160 , 248, 27130
3976 , 198, 27153
3976 , 302, 27175
3975 , 392, 27198
3535 , 39, 27222
15311 , 40, 27244
3443 , 124, 27267
3484 , 124, 27290
1302 , 482, 27314
1622 , 254, 27337
0 , 259, 27359
2122 , 253, 27382
2131 , 254, 27405
3975 , 26, 27428
3975 , 210, 27451
9935 , 41, 27474
4175 , 42, 27497
3593 , 124, 27520
3636 , 124, 27542
10455 , 134, 27566
9943 , 494, 27588
10071 , 334, 27611
2065 , 257, 27634
2068 , 258, 27657
3975 , 12, 27679
3974 , 248, 27702
4687 , 43, 27725
463 , 27, 27748
3747 , 124, 27770
3790 , 124, 27794
10135 , 358, 27816
11159 , 254, 27839
24 , 166, 27862
2136 , 262, 27885
2397 , 263, 27907
3974 , 192, 27930
3974 , 12, 27953
13519 , 26, 27976
8527 , 26, 27999
3905 , 124, 28022
3947 , 124, 28045
3991 , 124, 28067
14808 , 422, 28090
472 , 234, 28113
2370 , 266, 28135
0 , 276, 28158
3974 , 70, 28182
3974 , 450, 28204
4303 , 27, 28227
12879 , 28, 28250
8015 , 32, 28273
4098 , 124, 28295
4143 , 124, 28318
3161 , 102, 28340
4889 , 454, 28363
2343 , 272, 28386
2337 , 273, 28408
3974 , 48, 28431
3973 , 458, 28454
12623 , 31, 28477
7375 , 30, 28499
2895 , 31, 28522
4264 , 124, 28545
4304 , 124, 28567
5593 , 446, 28590
9049 , 282, 28613
2333 , 276, 28635
2331 , 279, 28658
3909 , 202, 28681
3973 , 112, 28703
3973 , 64, 28726
719 , 28, 28749
12495 , 29, 28771
4422 , 124, 28794
4464 , 124, 28817
5786 , 186, 28839
7770 , 54, 28862
2337 , 282, 28885
2344 , 283, 28908
3973 , 438, 28951
3973 , 390, 28974
16207 , 28, 28997
11215 , 27, 29020
4545 , 124, 29043
4587 , 124, 29066
4122 , 194, 29089
7771 , 26, 29111
2356 , 286, 29155
2366 , 287, 29178
3973 , 340, 29202
3973 , 254, 29225
13391 , 26, 29247
8911 , 27, 29270
4659 , 124, 29294
4702 , 124, 29317
13083 , 98, 29339
7067 , 486, 29362
9627 , 306, 29386
2400 , 290, 29408
2411 , 293, 29431
3973 , 224, 29454
3973 , 210, 29477
6095 , 26, 29500
1743 , 25, 29523
4816 , 124, 29546
4861 , 124, 29569
4905 , 124, 29591
4892 , 226, 29615
10140 , 42, 29638
2459 , 296, 29661
2472 , 296, 29683
3973 , 212, 29706
3973 , 230, 29729
14799 , 24, 29752
8911 , 24, 29775
4976 , 124, 29819
5031 , 124, 29842
3164 , 42, 29866
8732 , 402, 29888
2520 , 299, 29911
2544 , 300, 29934
3973 , 274, 29957
3973 , 296, 29980
10703 , 24, 30024
5583 , 25, 30047
5117 , 124, 30070
5163 , 124, 30093
4252 , 478, 30115
11549 , 310, 30139
2595 , 302, 30162
2625 , 305, 30185
3973 , 374, 30208
3973 , 406, 30230
3973 , 448, 30254
5327 , 25, 30277
15695 , 25, 30299
5288 , 84, 30323
5332 , 76, 30346
13533 , 298, 30369
10525 , 102, 30392
2686 , 309, 30415
2589 , 310, 30438
2498 , 311, 30461
3973 , 136, 30484
3973 , 244, 30507
14543 , 25, 30530
9295 , 25, 30553
5445 , 124, 30576
5483 , 124, 30599
7518 , 498, 30622
3806 , 322, 30645
2358 , 313, 30690
2306 , 314, 30713
3973 , 150, 30736
3973 , 396, 30759
13007 , 25, 30782
6735 , 25, 30805
5567 , 124, 30828
5610 , 124, 30851
13534 , 402, 30895
862 , 234, 30918
2185 , 317, 30942
2122 , 318, 30964
3972 , 286, 30987
3972 , 384, 31010
12239 , 25, 31034
6351 , 25, 31057
5686 , 124, 31080
5937 , 124, 31102
5982 , 124, 31126
32 , 74, 31148
12639 , 82, 31171
1970 , 323, 31194
1926 , 325, 31217
3973 , 276, 31240
3973 , 452, 31263
9295 , 24, 31286
4175 , 24, 31309
15567 , 24, 31331
5908 , 124, 31354
5953 , 124, 31378
6304 , 154, 31400
4064 , 506, 31423
1807 , 328, 31446
1781 , 331, 31469
133 , 402, 31492
3968 , 0, 31515
3279 , 25, 31559
14415 , 25, 31582
6032 , 124, 31605
6082 , 124, 31628
544 , 74, 31651
4320 , 418, 31674
1728 , 333, 31697
1702 , 334, 31720
3971 , 372, 31764
3971 , 306, 31787
16335 , 26, 31810
10447 , 27, 31833
6361 , 124, 31855
6405 , 124, 31878
7200 , 458, 31902
3681 , 294, 31924
1665 , 336, 31947
1640 , 337, 31970
1615 , 338, 31993
3971 , 300, 32015
3971 , 380, 32038
6991 , 26, 32060
1871 , 27, 32082
6310 , 124, 32105
6354 , 124, 32127
34 , 74, 32150
34 , 422, 32173
9569 , 418, 32195
1572 , 342, 32218
1557 , 344, 32242
3972 , 224, 32265
3972 , 82, 32287
15823 , 29, 32310
10575 , 28, 32334
6470 , 124, 32357
6514 , 124, 32379
6560 , 124, 32402
7586 , 314, 32426
7330 , 150, 32449
1519 , 347, 32472
1505 , 348, 32495
3971 , 176, 32518
3971 , 32, 32541
5711 , 30, 32564
591 , 31, 32587
6632 , 124, 32610
6675 , 124, 32634
6721 , 124, 32657
7331 , 102, 32679
8483 , 454, 32702
1478 , 352, 32725
1464 , 355, 32748
3971 , 196, 32771
3971 , 86, 32794
15055 , 33, 32818
9935 , 33, 32841
4815 , 34, 32863
6852 , 124, 32886
6896 , 124, 32910
11939 , 394, 32933
14435 , 234, 32955
1452 , 358, 32978
1450 , 359, 33002
3971 , 326, 33025
3971 , 274, 33047
5839 , 35, 33091
16079 , 37, 33114
6963 , 124, 33138
7007 , 124, 33161
1636 , 278, 33184
4644 , 106, 33207
1438 , 1, 33230
1435 , 2, 33253
3971 , 162, 33297
3971 , 84, 33320
847 , 38, 33343
11471 , 38, 33366
7077 , 124, 33389
7118 , 124, 33411
9572 , 150, 33434
14116 , 510, 33458
1435 , 4, 33481
1433 , 7, 33504
1433 , 8, 33527
3971 , 426, 33550
3971 , 380, 33573
10191 , 39, 33595
5327 , 39, 33618
7235 , 124, 33641
7278 , 124, 33664
12709 , 434, 33687
3429 , 274, 33710
9061 , 106, 33733
1439 , 11, 33755
1441 , 12, 33778
3971 , 280, 33801
3971 , 248, 33823
5839 , 29, 33846
207 , 25, 33869
7380 , 124, 33892
7423 , 124, 33915
3237 , 82, 33958
11749 , 430, 33982
1450 , 14, 34005
1456 , 16, 34027
3971 , 206, 34050
3971 , 168, 34074
2120 , 23, 34096
12232 , 22, 34119
7483 , 124, 34162
7526 , 124, 34186
3814 , 390, 34209
10406 , 230, 34231
1462 , 18, 34254
1473 , 19, 34277
3971 , 154, 34300
3971 , 146, 34323
11085 , 22, 34346
6732 , 23, 34369
1103 , 23, 34391
7624 , 124, 34414
7668 , 124, 34437
15206 , 26, 34460
5734 , 378, 34483
1489 , 22, 34506
1498 , 24, 34529
3971 , 128, 34552
3971 , 134, 34575
3971 , 130, 34598
12623 , 23, 34621
7503 , 25, 34643
7780 , 124, 34666
7823 , 124, 34689
1959 , 294, 34713
1511 , 138, 34735
1335 , 28, 34758
1251 , 29, 34782
3971 , 138, 34825
3971 , 142, 34848
8783 , 24, 34871
4047 , 24, 34894
7888 , 124, 34917
7931 , 124, 34940
7335 , 186, 34963
10216 , 26, 34986
1259 , 31, 35030
1272 , 32, 35053
3971 , 168, 35076
3971 , 192, 35099
2895 , 0, 35122
14927 , 28, 35145
8233 , 4, 35167
8275 , 4, 35190
10024 , 42, 35213
14376 , 398, 35236
1384 , 250, 35259
1311 , 36, 35282
1331 , 37, 35306
3971 , 262, 35328
3971 , 288, 35351
6607 , 32, 35374
1615 , 33, 35397
8146 , 124, 35420
8190 , 124, 35443
8234 , 124, 35466
10729 , 86, 35489
1961 , 434, 35511
1379 , 41, 35534
1388 , 42, 35557
3971 , 384, 35580
3971 , 454, 35603
13007 , 30, 35626
7119 , 30, 35649
4431 , 30, 35671
8340 , 124, 35694
8383 , 124, 35717
16297 , 270, 35740
9705 , 118, 35763
879 , 46, 35786
870 , 47, 35809
3971 , 64, 35832
3971 , 124, 35855
6095 , 26, 35878
847 , 0, 35901
6479 , 0, 35923
8491 , 124, 35946
8535 , 124, 35970
9514 , 502, 35993
3754 , 338, 36015
870 , 50, 36038
879 , 52, 36061
3971 , 320, 36083
3971 , 414, 36106
3971 , 496, 36129
3279 , 34, 36152
14159 , 34, 36174
8884 , 4, 36198
8693 , 124, 36220
9898 , 218, 36243
5867 , 62, 36266
1055 , 55, 36289
1037 , 56, 36311
1016 , 147, 36334
3971 , 259, 36357
3971 , 393, 36380
10703 , 35, 36403
5711 , 35, 36426
8803 , 124, 36449
8847 , 124, 36472
12203 , 470, 36495
8619 , 314, 36518
982 , 61, 36541
966 , 62, 36564
950 , 63, 36587
3971 , 219, 36610
3971 , 357, 36633
591 , 35, 36657
12239 , 35, 36679
8953 , 124, 36703
8997 , 124, 36726
2412 , 158, 36749
300 , 506, 36772
14188 , 346, 36795
911 , 66, 36818
899 , 68, 36842
3972 , 275, 36865
3972 , 459, 36887
9935 , 31, 36910
3919 , 30, 36933
9109 , 124, 36956
9153 , 124, 36979
12140 , 398, 37023
11308 , 230, 37046
880 , 71, 37070
868 , 72, 37093
3972 , 299, 37115
3972 , 23, 37138
7119 , 31, 37162
1615 , 30, 37185
9223 , 124, 37229
9267 , 124, 37251
8000 , 286, 37274
6784 , 138, 37298
854 , 74, 37320
844 , 75, 37343
3972 , 427, 37366
3972 , 195, 37390
4687 , 31, 37413
15823 , 31, 37435
10063 , 30, 37458
9380 , 124, 37481
9423 , 124, 37503
6784 , 26, 37526
6528 , 382, 37550
826 , 78, 37573
819 , 81, 37595
3973 , 185, 37618
3972 , 247, 37641
3972 , 163, 37664
6223 , 33, 37687
16207 , 32, 37710
9540 , 124, 37733
9585 , 124, 37756
8385 , 290, 37779
8385 , 142, 37802
805 , 85, 37825
799 , 86, 37848
796 , 87, 37871
3971 , 167, 37894
3971 , 87, 37917
15311 , 35, 37939
10191 , 37, 37962
9714 , 124, 37986
9757 , 124, 38008
12162 , 98, 38031
13058 , 450, 38054
789 , 89, 38078
788 , 90, 38101
786 , 93, 38123
2690 , 303, 38146
2434 , 287, 38169
6991 , 39, 38192
1615 , 41, 38215
9877 , 124, 38238
9923 , 124, 38261
2626 , 406, 38283
4354 , 242, 38306
6659 , 86, 38329
783 , 96, 38352
784 , 97, 38375
2688 , 1, 38398
3968 , 1, 38421
335 , 45, 38444
11855 , 46, 38467
10050 , 124, 38490
10094 , 124, 38513
10137 , 124, 38536
11395 , 98, 38559
6019 , 470, 38582
785 , 100, 38606
786 , 103, 38628
3971 , 329, 38651
131 , 291, 38674
6991 , 0, 38697
1871 , 65, 38720
10216 , 124, 38743
10259 , 124, 38766
10304 , 124, 38789
132 , 394, 38812
4420 , 222, 38835
792 , 107, 38858
797 , 107, 38881
3968 , 1, 38903
3968 , 1, 38926
11200 , 0, 38950
11599 , 0, 38973
6607 , 67, 38995
10430 , 124, 39018
10475 , 124, 39041
1028 , 198, 39064
6021 , 38, 39087
809 , 111, 39110
813 , 112, 39134
3971 , 379, 39157
3971 , 309, 39179
3971 , 314, 39202
5199 , 65, 39225
16335 , 65, 39248
10598 , 124, 39271
10644 , 124, 39294
15749 , 154, 39318
12229 , 506, 39340
831 , 116, 39363
838 , 118, 39386
3971 , 293, 39409
3971 , 353, 39431
3968 , 1, 39454
12623 , 66, 39478
7375 , 75, 39501
10759 , 124, 39523
10802 , 124, 39546
9158 , 358, 39569
9670 , 214, 39591
862 , 121, 39614
870 , 122, 39637
882 , 124, 39659
3972 , 459, 39682
3972 , 481, 39705
2767 , 74, 39728
8896 , 72, 39750
10912 , 124, 39773
10957 , 124, 39795
1478 , 54, 39818
15430 , 398, 39841
5383 , 195, 39864
911 , 128, 39887
925 , 128, 39910
3972 , 93, 39932
3972 , 127, 39955
10575 , 72, 39978
5199 , 72, 40001
11070 , 124, 40024
11112 , 124, 40047
12551 , 238, 40070
8071 , 54, 40093
2887 , 414, 40115
964 , 133, 40138
980 , 134, 40161
3972 , 165, 40184
3972 , 233, 40207
1231 , 73, 40230
12495 , 73, 40253
11228 , 124, 40276
11273 , 122, 40298
11315 , 124, 40321
9096 , 342, 40344
4808 , 178, 40367
1034 , 137, 40390
1054 , 139, 40413
3972 , 403, 40436
3971 , 437, 40458
9295 , 72, 40482
3919 , 72, 40504
15055 , 72, 40527
11431 , 124, 40550
11475 , 124, 40573
13064 , 110, 40596
10120 , 454, 40619
1119 , 142, 40642
1147 , 143, 40665
3971 , 167, 40688
3971 , 297, 40711
1231 , 73, 40734
12239 , 74, 40757
6991 , 74, 40780
75 , 124, 40802
119 , 124, 40826
3721 , 370, 40849
1737 , 234, 40872
1230 , 146, 40895
1251 , 149, 40918
3971 , 217, 40941
3971 , 359, 40963
3971 , 497, 40986
2639 , 74, 41009
13903 , 75, 41032
234 , 124, 41055
276 , 124, 41078
13578 , 138, 41101
11466 , 2, 41124
1252 , 152, 41147
1236 , 153, 41170
1216 , 237, 41193
3972 , 369, 41215
3972 , 57, 41238
13007 , 78, 41261
7631 , 79, 41284
399 , 124, 41307
442 , 124, 41330
8778 , 422, 41353
7946 , 290, 41376
792 , 158, 41399
780 , 158, 41422
763 , 161, 41445
3972 , 41, 41468
3972 , 283, 41491
4687 , 80, 41514
15695 , 81, 41537
561 , 124, 41560
605 , 124, 41583
5323 , 246, 41606
4619 , 42, 41629
4491 , 418, 41652
752 , 165, 41674
730 , 166, 41697
3972 , 495, 41720
3973 , 175, 41743
13647 , 84, 41766
8911 , 83, 41789
723 , 124, 41812
766 , 124, 41835
4491 , 498, 41879
4300 , 326, 41902
738 , 168, 41925
735 , 169, 41948
3973 , 251, 41971
3973 , 63, 41994
10703 , 77, 42017
5839 , 75, 42039
835 , 124, 42084
881 , 124, 42107
4236 , 366, 42130
4492 , 190, 42153
817 , 171, 42175
812 , 172, 42198
3974 , 187, 42222
3974 , 81, 42245
6863 , 72, 42267
1487 , 70, 42290
12879 , 66, 42314
993 , 124, 42337
1039 , 124, 42359
5133 , 30, 42382
6093 , 382, 42405
811 , 177, 42428
912 , 177, 42451
3976 , 395, 42474
136 , 361, 42497
128 , 0, 42519
8655 , 63, 42542
3279 , 62, 42565
1150 , 124, 42588
1193 , 124, 42611
8205 , 266, 42634
8973 , 86, 42657
1027 , 180, 42680
1070 , 182, 42703
3976 , 77, 42746
3976 , 57, 42769
2383 , 60, 42792
13775 , 59, 42815
1246 , 124, 42838
1290 , 124, 42861
10446 , 30, 42884
11662 , 370, 42906
1006 , 184, 42950
998 , 185, 42973
3976 , 303, 42996
3976 , 200, 43019
12879 , 56, 43042
8143 , 56, 43065
1349 , 124, 43087
1412 , 124, 43110
13710 , 290, 43133
15694 , 158, 43156
1038 , 494, 43179
1001 , 189, 43202
874 , 190, 43225
3976 , 344, 43248
3976 , 144, 43271
207 , 54, 43294
11855 , 52, 43317
1507 , 124, 43339
1550 , 124, 43362
1596 , 124, 43385
5903 , 222, 43408
8079 , 50, 43431
0 , 199, 43454
1081 , 195, 43477
3977 , 114, 43500
3977 , 54, 43523
8783 , 50, 43546
3279 , 51, 43570
1671 , 124, 43614
1714 , 124, 43637
12815 , 150, 43659
15567 , 486, 43683
1086 , 197, 43706
1091 , 198, 43729
128 , 0, 43752
3968 , 0, 43775
6735 , 49, 43818
1487 , 48, 43842
1784 , 124, 43865
1827 , 124, 43888
4304 , 14, 43911
8080 , 378, 43934
1099 , 200, 43957
1106 , 201, 43979
3977 , 302, 44002
3977 , 322, 44026
3977 , 228, 44049
13775 , 47, 44072
9167 , 47, 44095
1942 , 124, 44118
1984 , 124, 44141
1616 , 234, 44164
6544 , 58, 44187
1110 , 204, 44211
1118 , 207, 44234
1143 , 208, 44257
3977 , 220, 44280
3977 , 216, 44303
3535 , 47, 44326
14927 , 46, 44350
2097 , 124, 44373
2141 , 124, 44396
2705 , 418, 44419
8081 , 262, 44442
1074 , 210, 44486
1014 , 211, 44509
3977 , 282, 44532
3977 , 322, 44555
975 , 45, 44578
11983 , 45, 44602
2216 , 124, 44625
2259 , 124, 44647
2577 , 318, 44670
9233 , 166, 44693
15953 , 494, 44716
979 , 214, 44739
994 , 217, 44763
3977 , 450, 44786
3977 , 18, 44809
9295 , 44, 44831
4047 , 45, 44854
2383 , 124, 44878
2427 , 124, 44901
2470 , 124, 44924
6418 , 430, 44947
11730 , 266, 44970
990 , 221, 44993
1006 , 221, 45015
3977 , 264, 45038
3977 , 340, 45061
16335 , 45, 45084
11599 , 45, 45107
6351 , 44, 45130
2581 , 124, 45154
2627 , 124, 45177
8275 , 110, 45199
4435 , 466, 45222
1049 , 224, 45246
1069 , 227, 45269
3977 , 226, 45292
3977 , 492, 45315
7375 , 45, 45338
1743 , 45, 45361
13007 , 45, 45384
2737 , 124, 45407
2782 , 124, 45430
6291 , 490, 45453
3539 , 366, 45476
1132 , 230, 45499
1154 , 230, 45522
3977 , 470, 45545
3978 , 154, 45568
3978 , 422, 45591
9423 , 44, 45614
4175 , 44, 45637
2893 , 124, 45660
2935 , 124, 45683
10260 , 258, 45706
10772 , 82, 45729
1231 , 235, 45751
1261 , 236, 45774
1355 , 266, 45798
3978 , 492, 45821
3978 , 410, 45844
591 , 46, 45867
11727 , 46, 45890
3055 , 124, 45913
3094 , 124, 45935
9237 , 6, 45958
8469 , 382, 45982
1428 , 239, 46005
1469 , 241, 46028
1515 , 242, 46051
3977 , 402, 46074
3977 , 354, 46097
9807 , 47, 46119
4815 , 43, 46142
3211 , 124, 46166
3256 , 124, 46189
11541 , 198, 46212
10197 , 54, 46235
8405 , 374, 46258
2050 , 245, 46281
2125 , 246, 46303
3976 , 388, 46327
3976 , 442, 46350
3919 , 38, 46373
15183 , 39, 46395
3379 , 124, 46418
3421 , 124, 46442
4182 , 438, 46486
23 , 394, 46509
2085 , 249, 46531
0 , 258, 46554
3975 , 324, 46578
3975 , 480, 46601
2127 , 41, 46623
12751 , 41, 46646
3495 , 124, 46690
3540 , 124, 46713
10454 , 330, 46736
12246 , 166, 46759
2122 , 252, 46782
2158 , 255, 46805
3975 , 288, 46827
3975 , 92, 46850
335 , 42, 46873
11727 , 43, 46896
6479 , 42, 46919
3667 , 124, 46942
3707 , 124, 46965
10007 , 194, 46987
10711 , 34, 47010
2073 , 259, 47034
2088 , 260, 47056
3974 , 276, 47079
3974 , 30, 47102
3974 , 342, 47124
10447 , 26, 47146
5967 , 26, 47169
3830 , 124, 47192
3873 , 124, 47214
24 , 158, 47237
24 , 506, 47260
2395 , 263, 47283
2381 , 264, 47306
3974 , 474, 47349
3974 , 298, 47372
10703 , 26, 47395
5199 , 26, 47418
3959 , 124, 47442
4001 , 124, 47465
14360 , 490, 47487
15640 , 306, 47510
2365 , 267, 47534
0 , 276, 47557
0 , 277, 47580
3974 , 386, 47603
3974 , 302, 47626
335 , 29, 47649
11471 , 33, 47672
4116 , 124, 47695
4158 , 124, 47718
3481 , 230, 47741
5337 , 66, 47764
7129 , 442, 47787
2334 , 274, 47810
2334 , 274, 47833
3973 , 470, 47856
3973 , 334, 47879
9935 , 30, 47902
5071 , 31, 47926
4278 , 124, 47949
4319 , 124, 47971
4363 , 124, 47994
13273 , 362, 48017
14298 , 214, 48040
2332 , 278, 48063
2333 , 280, 48086
3973 , 84, 48109
3973 , 36, 48132
4431 , 28, 48155
15311 , 29, 48178
4445 , 124, 48201
4487 , 124, 48224
4528 , 124, 48247
538 , 274, 48270
3034 , 122, 48294
2344 , 285, 48317
2359 , 285, 48340
3973 , 398, 48363
3973 , 304, 48386
15183 , 27, 48409
9935 , 26, 48432
5199 , 27, 48455
4644 , 124, 48478
4687 , 124, 48501
12379 , 2, 48523
7067 , 374, 48546
2381 , 289, 48570
2383 , 291, 48593
3973 , 218, 48616
3973 , 220, 48639
3973 , 26, 48662
2895 , 26, 48685
14287 , 25, 48708
4807 , 124, 48731
4850 , 124, 48754
731 , 350, 48777
4572 , 162, 48800
2436 , 295, 48823
2458 , 296, 48846
3973 , 210, 48869
3973 , 210, 48892
3973 , 230, 48915
13263 , 24, 48938
8015 , 24, 48961
4977 , 124, 48983
5032 , 124, 49006
3868 , 82, 49030
9180 , 434, 49053
2522 , 300, 49075
2551 , 300, 49098
2582 , 303, 49122
3973 , 338, 49145
3973 , 362, 49167
8655 , 25, 49190
4687 , 25, 49213
5176 , 124, 49236
5217 , 84, 49259
13597 , 414, 49282
4253 , 258, 49305
2639 , 304, 49349
2661 , 307, 49371
3973 , 430, 49394
3973 , 6, 49418
6863 , 25, 49441
2127 , 25, 49464
5293 , 100, 49487
5334 , 76, 49510
16157 , 278, 49555
10525 , 102, 49578
2693 , 309, 49601
2588 , 310, 49625
3973 , 74, 49647
3973 , 136, 49670
3535 , 25, 49693
15183 , 24, 49716
5403 , 124, 49739
5445 , 124, 49762
5485 , 124, 49785
4574 , 466, 49808
1182 , 298, 49831
2366 , 313, 49855
2309 , 314, 49878
3973 , 276, 49901
3973 , 488, 49924
9935 , 25, 49947
4943 , 25, 49971
463 , 25, 49994
5601 , 124, 50018
5644 , 124, 50041
10462 , 106, 50064
10078 , 458, 50087
2137 , 319, 50110
2083 , 320, 50133
3972 , 350, 50157
3972 , 464, 50179
3023 , 25, 50224
13135 , 25, 50247
5711 , 124, 50270
5756 , 124, 50293
32 , 326, 50316
32 , 170, 50339
2020 , 322, 50362
1966 , 323, 50385
3973 , 156, 50408
3973 , 298, 50431
3973 , 454, 50454
8399 , 24, 50477
3151 , 24, 50500
5863 , 124, 50523
5907 , 124, 50546
10527 , 294, 50570
5792 , 134, 50593
1846 , 327, 50615
1823 , 329, 50638
1783 , 330, 50662
3973 , 320, 50685
3973 , 86, 50708
2255 , 25, 50731
14287 , 25, 50754
6036 , 124, 50777
6086 , 124, 50800
1120 , 94, 50823
5088 , 442, 50846
6944 , 262, 50870
1704 , 334, 50893
1679 , 335, 50915
3971 , 304, 50938
3971 , 276, 50962
10575 , 26, 50985
4047 , 27, 51007
6404 , 124, 51030
6233 , 124, 51054
3105 , 322, 51077
993 , 150, 51100
14049 , 502, 51123
1614 , 338, 51146
1604 , 341, 51169
3971 , 374, 51192
3971 , 492, 51215
1103 , 27, 51238
11983 , 27, 51261
6354 , 124, 51284
6397 , 124, 51306
6441 , 124, 51330
9825 , 410, 51352
8098 , 258, 51375
1558 , 344, 51398
1536 , 345, 51422
3972 , 88, 51444
3971 , 426, 51467
9679 , 28, 51490
4559 , 29, 51513
15311 , 30, 51536
6564 , 124, 51559
6608 , 124, 51582
7330 , 222, 51605
7714 , 54, 51627
1499 , 349, 51650
1489 , 350, 51674
3971 , 0, 51697
3971 , 384, 51719
1359 , 30, 51743
12495 , 31, 51766
6351 , 32, 51789
6720 , 124, 51811
6765 , 124, 51834
8355 , 426, 51858
9827 , 258, 51881
1468 , 355, 51903
1461 , 355, 51926
3971 , 98, 51950
3971 , 494, 51972
3971 , 408, 51995
2383 , 34, 52018
13519 , 35, 52041
6884 , 124, 52063
6928 , 124, 52086
15075 , 146, 52109
611 , 486, 52132
1449 , 359, 52155
1441 , 1, 52178
1436 , 276, 52201
3971 , 182, 52224
3971 , 112, 52247
9807 , 36, 52270
4175 , 38, 52293
7045 , 124, 52316
7088 , 124, 52339
8484 , 418, 52362
12772 , 254, 52386
1435 , 5, 52409
1433 , 6, 52432
1433 , 6, 52455
3971 , 466, 52478
3971 , 398, 52501
4687 , 41, 52524
16079 , 39, 52547
7216 , 124, 52570
7259 , 124, 52593
10469 , 270, 52616
1509 , 98, 52639
6437 , 462, 52662
1435 , 10, 52685
1438 , 13, 52708
3971 , 282, 52731
3971 , 258, 52754
4175 , 29, 52777
15823 , 25, 52800
7378 , 124, 52823
7419 , 124, 52846
549 , 50, 52890
11301 , 386, 52913
1449 , 14, 52935
1456 , 17, 52958
3971 , 188, 52981
3971 , 172, 53004
2376 , 23, 53027
14025 , 22, 53050
7490 , 124, 53094
7535 , 124, 53117
3814 , 430, 53139
12134 , 266, 53162
1461 , 19, 53186
1475 , 19, 53208
3971 , 148, 53231
3971 , 144, 53254
14286 , 22, 53277
8655 , 23, 53299
3151 , 22, 53322
7638 , 124, 53345
7681 , 124, 53368
3110 , 138, 53391
13734 , 490, 53414
1490 , 22, 53437
1504 , 25, 53459
3971 , 134, 53482
3971 , 132, 53505
3971 , 134, 53528
15823 , 25, 53551
10319 , 25, 53574
7796 , 124, 53598
7838 , 124, 53620
13799 , 430, 53643
12967 , 282, 53666
1317 , 28, 53690
1240 , 29, 53713
3971 , 142, 53757
3971 , 150, 53779
12111 , 24, 53802
9024 , 24, 53826
7906 , 124, 53849
7948 , 124, 53871
16231 , 402, 53894
1768 , 250, 53918
1264 , 32, 53940
1282 , 33, 53963
1299 , 34, 53986
3971 , 196, 54010
3971 , 234, 54033
8399 , 0, 54055
14415 , 0, 54078
8307 , 4, 54102
8116 , 124, 54124
4136 , 182, 54147
7848 , 18, 54170
14440 , 374, 54193
1347 , 39, 54216
1367 , 40, 54239
3971 , 320, 54262
3971 , 364, 54286
11343 , 30, 54309
6479 , 30, 54331
8232 , 124, 54354
8276 , 124, 54377
8320 , 124, 54400
9513 , 286, 54423
1769 , 134, 54446
894 , 44, 54469
882 , 45, 54492
3971 , 500, 54515
3971 , 32, 54538
5455 , 30, 54561
2511 , 26, 54583
8387 , 124, 54606
8427 , 124, 54629
8472 , 124, 54652
1642 , 10, 54675
11818 , 366, 54698
866 , 48, 54721
869 , 51, 54744
3971 , 212, 54767
3971 , 304, 54790
9039 , 33, 54813
4559 , 33, 54836
15311 , 33, 54858
8585 , 124, 54882
8866 , 4, 54905
15146 , 266, 54927
10218 , 114, 54951
902 , 54, 54974
0 , 62, 54997
3971 , 26, 55020
3971 , 135, 55043
3971 , 242, 55066
13391 , 34, 55090
8143 , 34, 55113
8747 , 124, 55135
8790 , 124, 55158
16043 , 6, 55182
12331 , 374, 55205
1008 , 58, 55227
989 , 60, 55250
3971 , 423, 55274
3971 , 43, 55297
3971 , 179, 55319
4175 , 35, 55342
14927 , 35, 55365
8898 , 124, 55389
8942 , 124, 55411
5675 , 230, 55434
3500 , 62, 55458
943 , 64, 55481
931 , 64, 55504
914 , 67, 55527
3972 , 67, 55550
3972 , 229, 55573
13007 , 33, 55596
7759 , 31, 55619
9053 , 124, 55642
9097 , 124, 55665
13484 , 466, 55688
12460 , 310, 55711
11500 , 68, 55734
882 , 70, 55757
870 , 71, 55779
3972 , 263, 55803
3972 , 493, 55826
6223 , 31, 55849
847 , 30, 55872
9220 , 124, 55895
9263 , 124, 55918
7680 , 242, 55941
7040 , 82, 55964
7360 , 426, 55986
846 , 75, 56010
838 , 76, 56033
3972 , 141, 56055
3972 , 341, 56078
14415 , 31, 56102
9423 , 30, 56124
9382 , 124, 56147
9427 , 124, 56170
9469 , 124, 56194
6464 , 354, 56217
6657 , 190, 56239
818 , 81, 56262
813 , 82, 56285
3972 , 245, 56308
3972 , 127, 56331
6863 , 33, 56354
591 , 32, 56377
11594 , 124, 56400
9590 , 124, 56423
9632 , 124, 56446
8385 , 122, 56469
9409 , 458, 56492
802 , 85, 56515
797 , 86, 56538
3971 , 197, 56561
3203 , 107, 56584
11343 , 34, 56607
5967 , 36, 56630
463 , 36, 56653
9741 , 124, 56676
9785 , 124, 56699
12738 , 322, 56722
14594 , 162, 56745
788 , 91, 56768
786 , 91, 56791
3458 , 355, 56814
3714 , 315, 56838
3970 , 229, 56861
11215 , 38, 56883
5711 , 42, 56906
9896 , 124, 56929
9939 , 124, 56952
2562 , 6, 56975
5762 , 350, 56998
784 , 94, 57021
784 , 97, 57044
3970 , 283, 57089
3970 , 275, 57111
6223 , 44, 57134
847 , 45, 57158
10011 , 124, 57181
10055 , 124, 57203
13059 , 434, 57227
323 , 278, 57250
784 , 99, 57273
784 , 100, 57296
786 , 101, 57319
3971 , 365, 57342
3971 , 321, 57365
12364 , 49, 57388
7247 , 62, 57411
10171 , 124, 57434
10215 , 124, 57457
8515 , 226, 57480
12100 , 62, 57503
15620 , 398, 57526
789 , 104, 57550
792 , 107, 57573
3971 , 171, 57596
1920 , 1, 57619
14656 , 67, 57642
9280 , 0, 57665
10334 , 124, 57688
10377 , 124, 57710
10421 , 124, 57734
11140 , 270, 57757
16132 , 102, 57779
804 , 110, 57802
807 , 111, 57826
3972 , 385, 57849
3971 , 421, 57871
9935 , 66, 57894
4943 , 64, 57918
10485 , 124, 57941
10528 , 124, 57963
10573 , 124, 57986
10117 , 446, 58010
2949 , 286, 58033
821 , 115, 58055
827 , 116, 58078
3971 , 317, 58102
3971 , 327, 58124
15695 , 65, 58147
10447 , 64, 58170
4687 , 66, 58193
10679 , 124, 58216
10723 , 124, 58239
10629 , 266, 58262
8646 , 102, 58285
843 , 118, 58307
854 , 121, 58330
3968 , 1, 58353
3968 , 1, 58375
3972 , 75, 58398
15951 , 75, 58422
10703 , 74, 58445
10830 , 124, 58467
10872 , 124, 58491
10502 , 454, 58514
12934 , 278, 58537
877 , 124, 58559
887 , 124, 58582
3972 , 475, 58605
3972 , 503, 58628
3972 , 63, 58651
1216 , 0, 58674
1103 , 0, 58697
10982 , 124, 58719
11027 , 124, 58742
6919 , 34, 58765
2439 , 394, 58788
918 , 129, 58811
932 , 129, 58834
947 , 130, 58857
3972 , 153, 58879
3972 , 227, 58902
10063 , 73, 58925
4815 , 73, 58948
11132 , 124, 58971
11177 , 124, 58994
5639 , 198, 59017
1607 , 46, 59040
970 , 132, 59083
989 , 135, 59106
3972 , 169, 59130
3972 , 261, 59153
5711 , 73, 59175
463 , 73, 59198
11245 , 122, 59222
11289 , 124, 59244
11784 , 78, 59287
7688 , 454, 59310
1014 , 137, 59333
1035 , 137, 59356
3972 , 361, 59379
3972 , 307, 59402
463 , 72, 59424
11343 , 73, 59447
11356 , 124, 59470
11399 , 124, 59493
11443 , 124, 59515
15176 , 350, 59538
12488 , 158, 59561
1098 , 140, 59584
1124 , 143, 59607
3971 , 83, 59630
3971 , 181, 59653
8271 , 72, 59675
2767 , 73, 59698
13903 , 74, 59721
39 , 124, 59743
82 , 124, 59766
5577 , 98, 59789
3401 , 442, 59812
1199 , 146, 59834
1233 , 146, 59858
3971 , 387, 59880
3971 , 219, 59903
14159 , 75, 59946
8911 , 74, 59970
147 , 124, 59992
192 , 124, 60015
393 , 458, 60038
14985 , 306, 60061
1260 , 148, 60083
1299 , 151, 60106
3971 , 407, 60129
3972 , 49, 60151
3972 , 165, 60174
4303 , 76, 60198
15183 , 77, 60220
305 , 124, 60243
348 , 124, 60266
10698 , 190, 60289
9738 , 10, 60312
1230 , 154, 60334
1207 , 155, 60358
789 , 157, 60381
3972 , 121, 60403
3972 , 285, 60426
11087 , 79, 60449
5967 , 79, 60472
459 , 124, 60495
501 , 124, 60518
6538 , 418, 60541
5835 , 218, 60564
5771 , 160, 60587
752 , 160, 60610
747 , 163, 60633
3972 , 307, 60656
3972 , 53, 60679
79 , 81, 60702
11087 , 83, 60725
602 , 124, 60748
646 , 124, 60771
4747 , 46, 60794
4491 , 386, 60817
4299 , 202, 60840
730 , 165, 60863
741 , 166, 60886
3973 , 135, 60909
3973 , 437, 60932
5839 , 82, 60955
975 , 80, 60978
753 , 124, 61001
796 , 124, 61024
841 , 124, 61047
4300 , 42, 61070
4428 , 402, 61093
821 , 170, 61116
816 , 171, 61139
3973 , 277, 61162
3974 , 197, 61186
11087 , 73, 61209
6223 , 72, 61231
1219 , 124, 61255
946 , 124, 61278
987 , 124, 61301
4620 , 190, 61324
5133 , 34, 61347
804 , 174, 61370
0 , 183, 61393
3976 , 421, 61416
3976 , 315, 61439
3919 , 67, 61462
15311 , 64, 61485
10319 , 62, 61508
1105 , 124, 61531
1154 , 124, 61554
7053 , 486, 61577
8397 , 306, 61599
0 , 187, 61622
1071 , 180, 61646
3968 , 0, 61669
3976 , 105, 61691
3976 , 469, 61714
9039 , 58, 61738
3919 , 58, 61761
1274 , 124, 61783
1318 , 124, 61806
11406 , 222, 61830
12622 , 62, 61853
999 , 184, 61875
998 , 187, 61898
3976 , 148, 61942
3976 , 124, 61966
7375 , 56, 61988
1871 , 54, 62011
1409 , 124, 62034
1458 , 124, 62057
16142 , 162, 62079
974 , 2, 62102
1000 , 189, 62124
874 , 190, 62147
0 , 198, 62170
3976 , 20, 62192
3977 , 204, 62215
207 , 52, 62238
11599 , 52, 62261
1577 , 124, 62283
1623 , 124, 62306
7183 , 438, 62329
9679 , 266, 62351
12303 , 110, 62374
1082 , 194, 62398
1083 , 197, 62420
137 , 12, 62443
128 , 0, 62466
10447 , 50, 62489
5327 , 49, 62512
1946 , 124, 62535
1989 , 124, 62558
1821 , 124, 62580
4112 , 46, 62603
7952 , 382, 62626
1097 , 200, 62649
1105 , 201, 62671
3977 , 338, 62694
3977 , 306, 62718
3663 , 48, 62740
14927 , 47, 62763
1903 , 124, 62786
1949 , 124, 62809
1994 , 124, 62831
3216 , 362, 62854
7504 , 174, 62878
1109 , 205, 62900
1120 , 206, 62923
3977 , 244, 62946
3977 , 200, 62969
13135 , 47, 62991
7759 , 46, 63014
2895 , 46, 63037
2115 , 124, 63060
2159 , 124, 63083
4817 , 50, 63106
10321 , 410, 63129
1045 , 211, 63151
987 , 212, 63174
3977 , 286, 63198
3977 , 302, 63221
3977 , 45, 63244
16335 , 45, 63267
11343 , 44, 63290
2282 , 124, 63313
2323 , 124, 63335
12881 , 330, 63359
3538 , 154, 63382
988 , 216, 63405
1002 , 217, 63428
3977 , 484, 63451
3977 , 26, 63474
3977 , 130, 63497
9295 , 45, 63519
4431 , 45, 63542
2443 , 124, 63566
2487 , 124, 63589
8082 , 50, 63611
11730 , 382, 63634
996 , 220, 63658
1014 , 223, 63681
1031 , 223, 63703
3977 , 490, 63726
3977 , 74, 63749
1359 , 45, 63771
12751 , 45, 63794
2610 , 124, 63817
2656 , 124, 63839
5715 , 354, 63862
1811 , 186, 63885
1065 , 226, 63929
1088 , 227, 63951
3977 , 460, 63974
3977 , 60, 63997
463 , 45, 64019
11855 , 44, 64042
2730 , 124, 64066
2774 , 124, 64088
5971 , 494, 64133
3795 , 318, 64155
1134 , 230, 64178
1156 , 230, 64201
3978 , 42, 64224
3978 , 230, 64247
335 , 44, 64270
11599 , 44, 64293
2860 , 124, 64315
2905 , 124, 64338
2947 , 124, 64362
11028 , 350, 64385
12244 , 170, 64407
1237 , 234, 64430
1327 , 237, 64454
3978 , 356, 64477
3978 , 62, 64499
10191 , 46, 64522
4815 , 46, 64546
15951 , 46, 64569
3068 , 124, 64591
3112 , 124, 64614
8725 , 126, 64638
8021 , 454, 64661
1442 , 240, 64683
1485 , 241, 64706
3977 , 294, 64730
3977 , 96, 64753
4687 , 46, 64797
79 , 44, 64820
3198 , 124, 64843
3238 , 124, 64866
11733 , 74, 64889
10581 , 410, 64912
1591 , 244, 64935
1641 , 244, 64958
3976 , 122, 64981
3976 , 108, 65004
3976 , 168, 65027
335 , 38, 65050
11855 , 39, 65073
3367 , 124, 65096
3414 , 124, 65118
4694 , 394, 65142
23 , 330, 65165
2080 , 248, 65187
0 , 258, 65210
0 , 258, 65233
3975 , 502, 65256
3975 , 146, 65279
12623 , 41, 65302
6991 , 41, 65325
3540 , 124, 65348
3581 , 124, 65370
12822 , 162, 65394
11671 , 18, 65416
10071 , 374, 65439
2080 , 255, 65462
2064 , 256, 65485
3975 , 342, 65508
3975 , 68, 65531
1999 , 42, 18
1999 , 42, 41
3690 , 124, 63
3734 , 124, 86
9943 , 406, 109
10263 , 218, 131
10967 , 118, 154
2094 , 261, 177
2112 , 261, 200
3974 , 498, 222
3974 , 296, 246
15183 , 26, 268
9039 , 26, 291
3843 , 124, 314
3886 , 124, 337
3929 , 124, 359
25 , 98, 382
14872 , 286, 406
2380 , 264, 428
2368 , 267, 451
3974 , 298, 474
3974 , 116, 498
6095 , 26, 521
719 , 27, 543
10959 , 124, 566
4045 , 124, 589
4089 , 124, 612
1304 , 206, 635
2969 , 50, 658
0 , 277, 681
2338 , 271, 704
3974 , 288, 727
3974 , 128, 750
12367 , 33, 773
6991 , 32, 795
1487 , 31, 818
4201 , 124, 841
4247 , 124, 864
7065 , 434, 887
5017 , 286, 910
2334 , 274, 933
2330 , 277, 955
3973 , 328, 978
3973 , 284, 1002
3909 , 168, 1024
15183 , 30, 1047
10063 , 29, 1070
4357 , 124, 1093
4400 , 124, 1116
14874 , 166, 1138
13594 , 46, 1162
2332 , 280, 1184
2338 , 281, 1207
2309 , 48, 1230
3973 , 480, 1253
3973 , 424, 1276
8271 , 28, 1299
3023 , 27, 1322
4513 , 124, 1345
4554 , 124, 1368
2458 , 6, 1391
5018 , 342, 1414
2354 , 284, 1437
2358 , 287, 1459
2372 , 288, 1482
3973 , 300, 1505
3973 , 276, 1528
2767 , 26, 1551
14415 , 27, 1574
4676 , 124, 1597
4719 , 124, 1619
8091 , 310, 1642
8027 , 146, 1666
12571 , 490, 1688
2397 , 292, 1711
2425 , 292, 1734
3973 , 218, 1757
3973 , 210, 1780
11343 , 26, 1803
6351 , 25, 1826
4831 , 124, 1849
4874 , 124, 1871
2203 , 506, 1916
7708 , 330, 1938
2445 , 294, 1962
2468 , 297, 1985
3973 , 204, 2007
3973 , 202, 2030
8655 , 24, 2053
3023 , 24, 2076
4945 , 124, 2099
4990 , 124, 2122
5056 , 124, 2145
4828 , 170, 2168
10588 , 2, 2191
2527 , 300, 2214
2557 , 301, 2237
3973 , 270, 2259
3973 , 336, 2282
13775 , 25, 2305
8911 , 25, 2328
3279 , 25, 2351
5164 , 124, 2374
5212 , 100, 2397
11933 , 342, 2419
2589 , 186, 2442
2638 , 304, 2465
2661 , 306, 2488
3973 , 414, 2510
3973 , 452, 2534
3973 , 25, 2556
16079 , 25, 2579
10447 , 25, 2602
5326 , 92, 2625
5368 , 124, 2647
6429 , 494, 2670
1053 , 326, 2693
2639 , 309, 2716
2543 , 310, 2738
3973 , 118, 2761
3973 , 200, 2784
3973 , 284, 2806
5071 , 25, 2829
15951 , 25, 2852
5473 , 124, 2874
5520 , 124, 2898
15582 , 198, 2920
13982 , 14, 2943
2326 , 315, 2966
2256 , 316, 2988
2194 , 317, 3011
3972 , 452, 3034
3972 , 264, 3057
13775 , 25, 3079
9679 , 25, 3102
5636 , 124, 3125
5674 , 124, 3147
10654 , 402, 3170
6239 , 250, 3193
45 , 319, 3216
2044 , 320, 3239
1997 , 323, 3262
3973 , 36, 3285
3973 , 186, 3307
4943 , 25, 3331
15823 , 25, 3354
5996 , 124, 3377
5825 , 124, 3399
3423 , 162, 3422
1439 , 502, 3446
10015 , 346, 3469
1882 , 326, 3491
1844 , 327, 3514
3973 , 74, 3538
3973 , 218, 3560
13903 , 24, 3583
9039 , 24, 3606
5955 , 124, 3629
5995 , 124, 3652
6042 , 124, 3675
6112 , 310, 3698
11360 , 146, 3721
1755 , 331, 3743
1725 , 332, 3766
3971 , 460, 3790
3971 , 370, 3813
8143 , 26, 3835
2511 , 26, 3858
6336 , 124, 3902
6380 , 124, 3925
7520 , 298, 3947
5153 , 146, 3970
1672 , 335, 3994
1646 , 336, 4017
3971 , 276, 4039
3971 , 284, 4062
5967 , 27, 4106
975 , 26, 4129
6239 , 124, 4151
6284 , 124, 4174
289 , 230, 4198
12321 , 62, 4221
1611 , 339, 4243
1598 , 341, 4266
3971 , 388, 4289
3715 , 32, 4311
3971 , 398, 4334
14287 , 27, 4358
8911 , 28, 4380
6403 , 124, 4403
6447 , 124, 4426
9058 , 14, 4449
8354 , 370, 4472
1551 , 345, 4495
1533 , 346, 4518
1519 , 347, 4541
3971 , 366, 4563
3971 , 208, 4586
8143 , 29, 4610
2383 , 30, 4633
6575 , 124, 4655
6617 , 124, 4678
6434 , 330, 4702
6434 , 170, 4725
1501 , 350, 4769
1486 , 351, 4791
3971 , 454, 4814
3971 , 316, 4837
10447 , 30, 4860
5071 , 32, 4883
6713 , 124, 4906
6761 , 124, 4929
8483 , 442, 4952
9315 , 270, 4975
10723 , 114, 4998
1460 , 356, 5020
1456 , 356, 5043
3971 , 466, 5066
3971 , 382, 5089
7631 , 34, 5112
2127 , 34, 5135
6903 , 124, 5158
6946 , 124, 5181
6992 , 124, 5203
1252 , 190, 5226
4644 , 26, 5249
1437 , 1, 5272
1436 , 2, 5295
3971 , 154, 5318
3971 , 80, 5341
2127 , 38, 5363
13647 , 38, 5386
8015 , 38, 5410
7122 , 124, 5433
7162 , 124, 5455
14820 , 510, 5478
3876 , 338, 5501
1434 , 6, 5523
1434 , 8, 5546
3971 , 426, 5569
3971 , 370, 5592
13519 , 38, 5615
7887 , 39, 5638
6095 , 38, 5661
7290 , 124, 5683
7330 , 124, 5706
4773 , 374, 5729
10597 , 202, 5752
1440 , 12, 5775
1444 , 13, 5798
3971 , 260, 5821
3971 , 232, 5843
3971 , 182, 5866
9551 , 24, 5889
5067 , 23, 5912
7460 , 124, 5934
7503 , 124, 5958
2470 , 242, 5980
7206 , 74, 6003
1458 , 17, 6026
1464 , 18, 6049
1475 , 160, 6071
3971 , 148, 6094
3971 , 134, 6118
5706 , 23, 6140
207 , 23, 6163
7631 , 124, 6186
7674 , 124, 6209
3238 , 138, 6231
13990 , 498, 6254
1491 , 22, 6277
1506 , 25, 6300
1464 , 26, 6323
3971 , 128, 6346
3971 , 132, 6369
1359 , 25, 6391
13519 , 24, 6414
7809 , 124, 6438
7851 , 124, 6460
4775 , 42, 6483
4839 , 398, 6506
5863 , 234, 6529
1249 , 31, 6552
1260 , 31, 6575
3971 , 154, 6598
3971 , 174, 6621
12111 , 24, 6643
10063 , 29, 6666
7981 , 124, 6689
8258 , 4, 6712
11240 , 470, 6756
15592 , 330, 6778
1297 , 35, 6802
1310 , 36, 6825
3971 , 224, 6848
3971 , 272, 6871
12111 , 0, 6894
6991 , 32, 6917
8113 , 124, 6940
8156 , 124, 6963
8201 , 124, 6986
14248 , 382, 7009
8489 , 218, 7032
1370 , 40, 7055
1385 , 41, 7078
3971 , 366, 7101
3971 , 426, 7124
9551 , 30, 7147
4175 , 30, 7170
1231 , 30, 7193
8333 , 124, 7215
8378 , 124, 7238
15593 , 278, 7261
9321 , 122, 7284
875 , 47, 7307
867 , 47, 7330
3971 , 90, 7353
3971 , 162, 7376
3971 , 0, 7399
15567 , 0, 7422
10191 , 33, 7445
8504 , 124, 7467
8547 , 124, 7490
8938 , 122, 7514
2538 , 482, 7537
877 , 51, 7559
884 , 52, 7582
3971 , 374, 7605
3971 , 454, 7628
3971 , 52, 7651
8783 , 34, 7674
3919 , 34, 7697
8905 , 4, 7719
8712 , 124, 7742
7146 , 402, 7766
4203 , 242, 7788
1046 , 56, 7811
1024 , 57, 7834
1004 , 58, 7857
3971 , 325, 7879
3971 , 449, 7902
1231 , 35, 7925
12239 , 34, 7947
8824 , 124, 7970
8868 , 124, 7993
9451 , 166, 8015
8107 , 498, 8038
3403 , 61, 8061
954 , 62, 8084
939 , 65, 8106
3971 , 337, 8130
3971 , 491, 8152
11855 , 35, 8175
7247 , 35, 8198
8994 , 124, 8221
9038 , 124, 8243
364 , 482, 8266
14252 , 318, 8289
12588 , 154, 8312
899 , 68, 8334
887 , 69, 8358
3972 , 461, 8380
3972 , 175, 8403
5327 , 30, 8426
16207 , 31, 8449
9150 , 124, 8471
9193 , 124, 8494
9238 , 124, 8517
9152 , 38, 8539
7552 , 386, 8562
859 , 72, 8586
852 , 75, 8608
3972 , 223, 8631
3972 , 501, 8654
13135 , 31, 8677
8143 , 31, 8699
9309 , 124, 8743
9354 , 124, 8766
7360 , 430, 8790
6720 , 270, 8812
838 , 77, 8835
830 , 78, 8858
3972 , 293, 8881
3972 , 481, 8904
7887 , 30, 8927
2511 , 31, 8950
14031 , 32, 8973
9462 , 124, 8995
9506 , 124, 9018
6593 , 162, 9042
7105 , 502, 9064
814 , 81, 9087
808 , 82, 9110
3972 , 171, 9134
3972 , 43, 9156
3971 , 269, 9179
8015 , 34, 9202
3151 , 35, 9225
9622 , 124, 9248
9665 , 124, 9271
7809 , 390, 9294
10881 , 234, 9317
797 , 87, 9340
792 , 88, 9363
790 , 89, 9386
3202 , 419, 9409
2178 , 371, 9432
16079 , 36, 9455
10959 , 37, 9478
9783 , 124, 9500
9827 , 124, 9523
13826 , 174, 9546
1026 , 10, 9569
786 , 91, 9591
785 , 92, 9614
785 , 95, 9638
3970 , 189, 9661
3970 , 281, 9683
6607 , 38, 9706
1487 , 43, 9729
9943 , 124, 9751
9987 , 124, 9774
5890 , 410, 9797
8835 , 238, 9820
12867 , 78, 9843
784 , 98, 9866
785 , 99, 9889
3971 , 425, 9911
3971 , 393, 9934
13519 , 46, 9957
8143 , 49, 9979
10100 , 124, 10002
10145 , 124, 10026
10189 , 138, 10049
7491 , 510, 10072
10755 , 354, 10095
786 , 102, 10118
789 , 105, 10142
131 , 289, 10165
3968 , 1, 10187
1871 , 65, 10210
13007 , 66, 10234
10257 , 124, 10257
10300 , 124, 10279
10345 , 124, 10302
4420 , 170, 10326
7940 , 46, 10349
796 , 107, 10372
799 , 108, 10395
3971 , 129, 10418
3972 , 81, 10441
7631 , 0, 10464
2255 , 67, 10487
13775 , 67, 10510
10453 , 124, 10533
10497 , 124, 10557
4164 , 370, 10579
7557 , 210, 10602
809 , 112, 10626
815 , 113, 10649
3971 , 327, 10671
3971 , 305, 10694
13007 , 64, 10738
8015 , 65, 10762
10559 , 124, 10785
10602 , 124, 10807
6277 , 190, 10830
15685 , 174, 10853
827 , 115, 10876
833 , 116, 10899
3971 , 325, 10943
3971 , 327, 10966
8527 , 64, 10989
3663 , 66, 11012
10670 , 124, 11035
10713 , 124, 11058
11141 , 158, 11081
9157 , 502, 11103
843 , 118, 11126
852 , 120, 11149
860 , 121, 11172
3968 , 1, 11195
3972 , 421, 11218
12239 , 75, 11241
6991 , 74, 11263
10815 , 124, 11286
10858 , 124, 11310
9670 , 310, 11332
12230 , 122, 11355
262 , 486, 11378
884 , 125, 11401
895 , 126, 11423
3972 , 487, 11446
3972 , 37, 11468
13760 , 0, 11490
13647 , 0, 11514
10973 , 124, 11536
11018 , 124, 11558
8198 , 450, 11602
3271 , 294, 11623
914 , 128, 11646
928 , 129, 11669
3972 , 95, 11691
3972 , 179, 11714
14287 , 72, 11737
8911 , 73, 11759
11085 , 124, 11782
11131 , 124, 11805
11173 , 124, 11827
5895 , 198, 11850
1799 , 22, 11874
968 , 132, 11897
987 , 134, 11920
3972 , 163, 11943
3972 , 273, 11966
5071 , 73, 11989
16335 , 73, 12012
10959 , 73, 12035
11290 , 124, 12058
11335 , 124, 12081
7688 , 446, 12103
3656 , 290, 12126
1038 , 137, 12150
1059 , 138, 12173
3972 , 203, 12195
3971 , 311, 12218
3971 , 58, 12242
7887 , 72, 12265
2895 , 72, 12288
11451 , 124, 12311
11494 , 124, 12334
12040 , 242, 12357
9481 , 94, 12380
1126 , 143, 12403
1159 , 144, 12426
3971 , 195, 12449
3971 , 309, 12472
3971 , 423, 12495
335 , 74, 12518
11471 , 75, 12541
95 , 124, 12564
139 , 124, 12587
2761 , 70, 12610
713 , 414, 12633
1249 , 147, 12656
1253 , 148, 12679
1294 , 151, 12702
3971 , 401, 12725
3972 , 35, 12747
9039 , 75, 12770
3663 , 76, 12794
259 , 124, 12817
303 , 124, 12839
12106 , 382, 12862
10890 , 218, 12885
9610 , 152, 12908
1229 , 154, 12931
1207 , 155, 12954
3972 , 441, 12977
3972 , 131, 12999
16335 , 78, 13022
11343 , 79, 13046
411 , 124, 13068
457 , 124, 13091
8266 , 26, 13114
7306 , 378, 13137
5899 , 214, 13159
779 , 159, 13182
753 , 160, 13205
3972 , 139, 13227
3972 , 361, 13250
6735 , 80, 13273
1487 , 82, 13295
565 , 124, 13318
609 , 124, 13341
653 , 124, 13364
4555 , 102, 13387
4555 , 442, 13410
752 , 165, 13433
730 , 166, 13455
3972 , 465, 13478
3973 , 139, 13501
11343 , 83, 13524
6351 , 83, 13547
1221 , 124, 13570
753 , 124, 13593
796 , 124, 13615
3980 , 262, 13638
4172 , 62, 13661
737 , 168, 13684
821 , 171, 13707
3973 , 39, 13730
3973 , 399, 13753
4687 , 74, 13775
16079 , 72, 13798
10831 , 70, 13821
922 , 124, 13844
967 , 124, 13867
4556 , 38, 13890
4940 , 378, 13913
808 , 175, 13935
0 , 182, 13958
3976 , 207, 13982
3976 , 299, 14004
136 , 195, 14027
10703 , 64, 14050
5327 , 63, 14073
1089 , 124, 14096
1135 , 124, 14119
6989 , 302, 14142
7629 , 170, 14165
0 , 185, 14187
0 , 186, 14210
3968 , 0, 14233
3976 , 129, 14256
3976 , 31, 14279
3279 , 60, 14302
14415 , 59, 14325
1247 , 124, 14347
1293 , 124, 14370
10062 , 34, 14393
11854 , 370, 14416
1004 , 184, 14438
999 , 185, 14461
999 , 186, 14484
3976 , 226, 14507
3976 , 226, 14530
11343 , 56, 14553
6735 , 55, 14575
1428 , 124, 14598
1473 , 124, 14622
142 , 294, 14644
1742 , 118, 14667
3854 , 442, 14690
876 , 190, 14713
0 , 199, 14736
3977 , 254, 14759
3977 , 204, 14782
4815 , 53, 14805
16335 , 51, 14827
1596 , 124, 14850
1639 , 124, 14874
7887 , 30, 14918
10191 , 370, 14940
1079 , 194, 14963
1083 , 195, 14986
3977 , 46, 15009
137 , 508, 15032
2639 , 51, 15055
13519 , 50, 15078
1713 , 124, 15101
1758 , 124, 15123
1796 , 124, 15146
2895 , 318, 15168
5776 , 154, 15191
1093 , 198, 15214
1100 , 201, 15237
3968 , 0, 15259
3977 , 330, 15282
9551 , 49, 15306
4559 , 48, 15328
79 , 47, 15351
1904 , 124, 15374
1949 , 124, 15397
15184 , 494, 15420
2768 , 306, 15443
1099 , 204, 15466
1109 , 205, 15489
3977 , 240, 15511
3977 , 236, 15534
3977 , 46, 15558
11215 , 47, 15581
5967 , 46, 15604
2062 , 124, 15627
2108 , 124, 15650
14929 , 202, 15673
4625 , 38, 15695
1123 , 208, 15718
1049 , 211, 15741
3977 , 260, 15764
3977 , 322, 15786
3977 , 302, 15809
3407 , 45, 15832
14671 , 44, 15854
2227 , 124, 15877
2273 , 124, 15900
4241 , 402, 15923
10705 , 230, 15946
972 , 214, 15969
984 , 215, 15991
998 , 216, 16014
3977 , 504, 16037
3977 , 76, 16060
10959 , 44, 16083
5583 , 44, 16106
2389 , 124, 16129
2430 , 124, 16152
14162 , 90, 16175
7890 , 450, 16198
9888 , 218, 16221
992 , 221, 16243
1006 , 221, 16266
3977 , 194, 16289
3977 , 436, 16312
1231 , 45, 16335
12367 , 45, 16358
2538 , 124, 16381
2583 , 124, 16403
7314 , 302, 16426
7827 , 150, 16449
4051 , 502, 16472
1055 , 224, 16495
1073 , 227, 16518
3977 , 276, 16541
3977 , 498, 16563
9935 , 45, 16586
4559 , 44, 16609
2705 , 124, 16632
2744 , 124, 16655
2793 , 124, 16678
5075 , 94, 16701
2835 , 446, 16723
1141 , 230, 16746
1167 , 231, 16769
3978 , 60, 16792
3978 , 326, 16815
2639 , 44, 16838
13391 , 44, 16861
2866 , 124, 16883
2911 , 124, 16906
2956 , 124, 16929
10900 , 414, 16952
10964 , 266, 16975
1250 , 235, 16998
1337 , 237, 17021
3978 , 426, 17043
3978 , 50, 17066
14287 , 46, 17089
9039 , 46, 17111
3919 , 47, 17134
3088 , 124, 17157
3127 , 124, 17180
8917 , 270, 17203
13205 , 66, 17226
1461 , 241, 17248
1508 , 242, 17271
3977 , 468, 17294
3977 , 388, 17317
3976 , 434, 17341
5199 , 43, 17363
463 , 41, 17386
3254 , 124, 17410
3297 , 124, 17432
10261 , 50, 17455
8533 , 438, 17478
2056 , 245, 17501
2136 , 246, 17524
3976 , 294, 17568
3976 , 394, 17591
6351 , 38, 17614
719 , 39, 17637
3387 , 124, 17660
3430 , 124, 17683
2710 , 6, 17706
23 , 462, 17729
2109 , 249, 17773
0 , 258, 17795
3975 , 306, 17818
3975 , 396, 17842
3407 , 41, 17865
14031 , 41, 17888
3502 , 124, 17910
3545 , 124, 17934
11350 , 398, 17956
12950 , 226, 17979
11095 , 114, 18002
2136 , 255, 18025
2083 , 256, 18047
3975 , 82, 18071
3975 , 272, 18094
11727 , 43, 18117
6735 , 42, 18140
3662 , 124, 18162
3709 , 124, 18186
3751 , 124, 18209
10839 , 10, 18231
10199 , 350, 18254
2094 , 259, 18278
2105 , 261, 18301
3974 , 126, 18323
3974 , 456, 18346
8015 , 27, 18369
2255 , 26, 18392
3820 , 124, 18415
3862 , 124, 18438
3903 , 124, 18461
24 , 406, 18483
14232 , 74, 18506
2391 , 265, 18529
2376 , 265, 18552
3974 , 426, 18575
3974 , 288, 18598
13263 , 26, 18621
8399 , 26, 18643
2383 , 27, 18666
4009 , 124, 18689
4052 , 124, 18712
15640 , 342, 18735
1240 , 190, 18758
0 , 276, 18781
0 , 277, 18803
3974 , 392, 18826
3974 , 302, 18849
3974 , 176, 18871
11087 , 33, 18894
5583 , 32, 18917
4156 , 124, 18940
4197 , 124, 18963
4953 , 18, 18986
6873 , 394, 19009
2337 , 273, 19032
2333 , 274, 19054
3973 , 486, 19098
3973 , 392, 19120
5071 , 30, 19143
207 , 31, 19166
4256 , 124, 19189
4299 , 124, 19211
6041 , 378, 19234
7961 , 190, 19256
2336 , 276, 19299
2333 , 278, 19322
3909 , 266, 19345
3973 , 128, 19367
2127 , 29, 19390
13263 , 28, 19413
4368 , 124, 19435
4412 , 124, 19458
11226 , 250, 19481
9306 , 126, 19503
10650 , 498, 19526
2340 , 282, 19549
2339 , 282, 19571
3973 , 472, 19594
3973 , 402, 19617
10191 , 28, 19639
4815 , 27, 19662
4519 , 124, 19686
4561 , 124, 19708
4605 , 124, 19731
5530 , 338, 19754
9179 , 170, 19777
2358 , 287, 19799
2370 , 288, 19822
3973 , 304, 19845
3973 , 278, 19867
975 , 26, 19890
12495 , 27, 19913
4668 , 124, 19957
4710 , 124, 19979
14171 , 194, 20002
7451 , 22, 20025
2379 , 290, 20048
2402 , 291, 20070
3973 , 228, 20093
3973 , 214, 20116
13135 , 26, 20160
7759 , 26, 20183
4774 , 124, 20206
4818 , 124, 20229
12955 , 46, 20251
923 , 414, 20274
2423 , 293, 20296
2437 , 294, 20319
3973 , 204, 20342
3973 , 190, 20365
3973 , 224, 20388
5327 , 25, 20411
15055 , 24, 20434
4931 , 124, 20457
4978 , 124, 20479
13404 , 238, 20502
2396 , 58, 20526
2504 , 298, 20549
2517 , 299, 20571
2549 , 300, 20594
3973 , 276, 20617
3973 , 322, 20640
10447 , 24, 20663
4943 , 25, 20686
5109 , 124, 20709
5156 , 100, 20731
3420 , 434, 20754
10141 , 254, 20777
2596 , 302, 20821
2625 , 305, 20843
3973 , 374, 20866
3973 , 410, 20890
8399 , 25, 20912
4175 , 25, 20935
5236 , 76, 20958
5283 , 100, 20981
7133 , 370, 21025
12573 , 170, 21047
2666 , 306, 21070
2692 , 308, 21094
3973 , 26, 21116
3973 , 66, 21139
6223 , 25, 21162
463 , 25, 21185
5351 , 124, 21207
5391 , 124, 21230
5440 , 124, 21253
8606 , 38, 21276
3230 , 378, 21299
2484 , 311, 21322
2398 , 312, 21345
3973 , 274, 21367
3973 , 34, 21390
11983 , 25, 21414
7119 , 25, 21436
1487 , 25, 21459
5542 , 124, 21482
5585 , 124, 21505
4190 , 230, 21527
4894 , 22, 21550
2225 , 317, 21573
2152 , 318, 21596
3972 , 192, 21619
3972 , 328, 21642
3407 , 25, 21665
14799 , 25, 21688
9807 , 25, 21711
5697 , 124, 21734
5948 , 124, 21757
3871 , 458, 21780
32 , 130, 21803
2020 , 322, 21826
1970 , 322, 21849
3973 , 136, 21871
3973 , 248, 21894
3973 , 414, 21917
5711 , 24, 21939
16335 , 24, 21963
5845 , 124, 21986
5892 , 124, 22009
4127 , 130, 22031
9823 , 486, 22054
1870 , 327, 22077
1834 , 328, 22099
1800 , 329, 22122
3973 , 282, 22145
3973 , 370, 22168
10575 , 25, 22190
5071 , 25, 22214
6000 , 124, 22236
6044 , 124, 22259
6304 , 314, 22282
11040 , 150, 22305
1756 , 331, 22348
1725 , 332, 22370
3971 , 490, 22393
3971 , 374, 22416
4687 , 26, 22438
15055 , 26, 22461
6111 , 124, 22484
6358 , 124, 22507
1504 , 126, 22550
7776 , 470, 22573
1688 , 334, 22595
1663 , 337, 22618
3971 , 270, 22641
3971 , 272, 22663
1231 , 27, 22686
12367 , 27, 22709
6224 , 124, 22731
6267 , 124, 22754
6313 , 124, 22777
14689 , 438, 22799
34 , 114, 22822
1603 , 340, 22844
1581 , 341, 22867
3971 , 496, 22890
3971 , 232, 22912
10959 , 27, 22935
5583 , 28, 22958
16335 , 29, 22981
6431 , 124, 23004
6475 , 124, 23027
8866 , 206, 23050
7842 , 42, 23073
1538 , 345, 23095
1528 , 347, 23118
3971 , 456, 23141
3971 , 294, 23164
1615 , 29, 23208
12879 , 29, 23231
6543 , 124, 23254
6587 , 124, 23277
7586 , 18, 23299
7074 , 362, 23322
1507 , 349, 23345
1498 , 350, 23368
3971 , 90, 23411
3971 , 480, 23434
10191 , 31, 23458
4559 , 30, 23481
6642 , 124, 23503
6687 , 124, 23526
6946 , 282, 23550
6947 , 118, 23572
1481 , 351, 23595
1476 , 352, 23618
1467 , 355, 23641
3971 , 208, 23664
3971 , 98, 23687
13519 , 33, 23710
7631 , 32, 23734
6791 , 124, 23756
6838 , 124, 23779
9315 , 374, 23802
12707 , 214, 23825
12963 , 54, 23848
1455 , 357, 23871
1451 , 359, 23894
3971 , 404, 23918
3971 , 298, 23941
15311 , 34, 23963
9807 , 35, 23986
6934 , 124, 24010
6976 , 124, 24033
16164 , 2, 24056
4068 , 354, 24079
5476 , 182, 24102
1436 , 2, 24125
1439 , 3, 24148
3971 , 136, 24171
3971 , 52, 24194
4047 , 38, 24217
15055 , 38, 24240
7081 , 124, 24263
7128 , 124, 24286
7170 , 124, 24309
14564 , 22, 24331
4260 , 370, 24354
1433 , 7, 24378
1432 , 8, 24401
3971 , 448, 24423
3971 , 378, 24446
8655 , 39, 24470
3407 , 39, 24492
15055 , 38, 24515
7272 , 124, 24538
7312 , 124, 24561
1317 , 202, 24583
6181 , 26, 24606
1436 , 10, 24630
1439 , 13, 24653
3971 , 300, 24675
3971 , 262, 24698
2255 , 28, 24722
13647 , 25, 24744
8652 , 24, 24767
7413 , 124, 24790
7453 , 124, 24814
8805 , 306, 24837
14566 , 138, 24859
1453 , 15, 24882
1458 , 16, 24905
3971 , 186, 24928
3971 , 166, 24951
3971 , 148, 24974
1996 , 22, 24997
13775 , 22, 25020
7556 , 124, 25043
7597 , 124, 25066
15590 , 486, 25089
9766 , 318, 25111
1477 , 21, 25134
1483 , 22, 25158
1495 , 22, 25180
3971 , 134, 25203
3971 , 134, 25226
9295 , 22, 25249
2767 , 22, 25272
7699 , 124, 25295
7741 , 124, 25318
2279 , 150, 25341
14311 , 506, 25364
1503 , 24, 25387
1429 , 27, 25410
1332 , 28, 25433
3971 , 132, 25455
3971 , 140, 25479
12751 , 24, 25502
8143 , 24, 25525
7845 , 124, 25548
7883 , 124, 25571
10279 , 310, 25594
9191 , 154, 25617
11175 , 502, 25640
1258 , 30, 25663
1272 , 33, 25686
3971 , 166, 25709
3971 , 186, 25731
14671 , 0, 25754
12751 , 28, 25777
7978 , 124, 25800
8255 , 4, 25823
8298 , 4, 25846
1064 , 274, 25869
7400 , 110, 25892
1304 , 35, 25914
1323 , 36, 25938
3971 , 256, 25961
3971 , 280, 25983
2895 , 32, 26006
14927 , 32, 26030
8128 , 124, 26053
8172 , 124, 26075
8217 , 124, 26098
13224 , 458, 26121
4009 , 306, 26144
1372 , 40, 26167
1385 , 41, 26190
3971 , 372, 26213
3971 , 426, 26235
8399 , 30, 26258
2895 , 30, 26281
13519 , 30, 26304
8316 , 124, 26327
8360 , 124, 26350
3753 , 70, 26373
12521 , 414, 26395
884 , 44, 26418
871 , 47, 26441
3971 , 32, 26463
3971 , 94, 26486
3971 , 162, 26509
11215 , 0, 26531
463 , 0, 26554
8458 , 124, 26577
8501 , 124, 26600
14826 , 170, 26622
9258 , 18, 26645
866 , 49, 26667
870 , 50, 26690
3971 , 246, 26713
3971 , 316, 26736
3971 , 418, 26758
8399 , 33, 26781
3279 , 34, 26803
8833 , 4, 26826
8877 , 4, 26849
14890 , 286, 26872
10218 , 134, 26895
900 , 54, 26918
951 , 55, 26941
1045 , 57, 26963
3971 , 110, 26986
3971 , 227, 27009
11599 , 34, 27032
6223 , 34, 27055
8738 , 124, 27078
8783 , 124, 27101
811 , 422, 27123
13291 , 262, 27146
10347 , 98, 27170
996 , 59, 27192
979 , 60, 27215
3971 , 497, 27238
3971 , 113, 27261
207 , 35, 27283
10959 , 35, 27306
8884 , 124, 27329
8927 , 124, 27352
4843 , 90, 27375
3179 , 438, 27398
1708 , 282, 27421
939 , 65, 27443
924 , 66, 27466
3971 , 469, 27489
3972 , 143, 27512
5071 , 34, 27535
847 , 33, 27558
9032 , 124, 27581
9075 , 124, 27603
9119 , 124, 27626
12204 , 82, 27649
12332 , 438, 27672
891 , 68, 27695
881 , 71, 27718
3972 , 85, 27741
3972 , 281, 27763
10447 , 30, 27786
5199 , 31, 27809
16207 , 30, 27832
9219 , 124, 27855
9263 , 124, 27878
7680 , 234, 27901
7168 , 82, 27924
855 , 73, 27947
846 , 74, 27970
3972 , 299, 27993
3972 , 57, 28015
15311 , 31, 28038
9551 , 31, 28061
4815 , 30, 28084
9361 , 124, 28107
9405 , 124, 28130
6528 , 354, 28153
6336 , 190, 28176
829 , 78, 28199
824 , 79, 28222
3972 , 505, 28244
3973 , 187, 28267
3972 , 229, 28290
13135 , 32, 28313
7759 , 32, 28335
9503 , 124, 28358
9546 , 124, 28382
6849 , 482, 28405
8257 , 310, 28427
808 , 83, 28450
805 , 84, 28474
801 , 85, 28496
3971 , 321, 28519
3971 , 207, 28542
15055 , 35, 28565
9807 , 34, 28588
9645 , 124, 28610
9687 , 124, 28634
10305 , 50, 28657
10113 , 394, 28679
797 , 86, 28702
792 , 89, 28725
789 , 90, 28748
2434 , 403, 28771
3202 , 383, 28794
1487 , 36, 28817
12495 , 37, 28840
9781 , 124, 28862
9825 , 124, 28886
13570 , 126, 28909
514 , 486, 28931
1986 , 314, 28954
787 , 92, 28978
784 , 94, 29000
3714 , 223, 29023
3970 , 209, 29046
2127 , 41, 29069
13135 , 42, 29092
9914 , 124, 29115
9959 , 124, 29138
10003 , 124, 29161
7427 , 6, 29184
8131 , 366, 29206
784 , 96, 29230
783 , 99, 29252
3970 , 261, 29275
3971 , 417, 29298
6863 , 46, 29321
1231 , 47, 29344
10068 , 124, 29367
10112 , 124, 29390
10157 , 124, 29413
2051 , 218, 29436
8067 , 66, 29459
785 , 102, 29482
787 , 102, 29505
3971 , 313, 29528
3968 , 1, 29551
9551 , 64, 29574
4175 , 67, 29598
9920 , 66, 29620
10266 , 124, 29643
10311 , 124, 29666
16068 , 386, 29689
4484 , 238, 29712
792 , 107, 29735
796 , 108, 29758
3968 , 1, 29781
3968 , 1, 29803
3972 , 371, 29826
11087 , 0, 29850
5967 , 67, 29873
10426 , 124, 29895
10469 , 124, 29918
16260 , 118, 29941
4740 , 470, 29964
807 , 111, 29987
812 , 113, 30010
3971 , 389, 30033
3971 , 311, 30056
3971 , 307, 30079
1487 , 65, 30102
12879 , 64, 30125
10578 , 124, 30147
10621 , 124, 30170
2757 , 306, 30193
14661 , 262, 30216
827 , 116, 30239
834 , 116, 30262
842 , 119, 30285
3971 , 359, 30307
3203 , 355, 30330
6479 , 66, 30353
1487 , 75, 30376
10733 , 124, 30399
10777 , 124, 30422
8902 , 158, 30445
8838 , 502, 30467
10630 , 366, 30490
863 , 122, 30513
872 , 123, 30536
3972 , 455, 30559
3972 , 475, 30582
13007 , 74, 30605
2752 , 73, 30627
10891 , 124, 30650
10935 , 124, 30673
14918 , 382, 30696
6278 , 194, 30718
7175 , 6, 30742
905 , 126, 30764
916 , 128, 30787
3972 , 45, 30810
3972 , 97, 30832
2383 , 0, 30855
13775 , 72, 30878
11041 , 124, 30921
11083 , 124, 30944
199 , 482, 30967
11463 , 326, 30990
936 , 130, 31013
951 , 131, 31035
3972 , 151, 31058
3972 , 223, 31081
