RP OK!
Getting device info...model: 24
FW min: 25
FW maj: 1
HW: 5
Serial: B0 E4 9A F2 C1 EA 9F C3 BE EB 9C F3 3F 37 32 03 
Spinning up...
Scanning...
dist ; theta
____________
1430 , 353, 1434
1330 , 38, 1456
1355 , 39, 1479
3971 , 342, 1500
3971 , 384, 1521
7631 , 31, 1543
2767 , 32, 1564
8247 , 124, 1586
8292 , 124, 1607
681 , 18, 1630
8553 , 362, 1652
425 , 210, 1675
1425 , 45, 1696
1389 , 45, 1719
3971 , 106, 1741
3971 , 158, 1763
4303 , 26, 1785
15695 , 0, 1807
8474 , 124, 1829
8518 , 124, 1851
8565 , 124, 1873
8234 , 178, 1895
2218 , 14, 1917
921 , 52, 1939
923 , 53, 1960
3971 , 24, 1983
3971 , 118, 2004
10831 , 34, 2026
5327 , 34, 2048
8715 , 124, 2090
8757 , 124, 2111
3371 , 194, 2133
15531 , 54, 2155
1107 , 58, 2177
1085 , 59, 2199
3972 , 47, 2220
3972 , 179, 2242
13263 , 34, 2264
8399 , 34, 2285
3023 , 34, 2307
8959 , 124, 2328
9003 , 124, 2350
2412 , 114, 2372
492 , 486, 2394
1004 , 65, 2415
990 , 66, 2437
3972 , 399, 2458
3972 , 97, 2479
3972 , 301, 2500
2639 , 36, 2522
13647 , 37, 2543
9191 , 124, 2564
9231 , 124, 2586
10156 , 446, 2607
7808 , 286, 2628
936 , 72, 2650
926 , 75, 2671
918 , 76, 2693
3973 , 259, 2715
3973 , 433, 2735
12495 , 39, 2757
7503 , 39, 2778
9419 , 124, 2799
9463 , 124, 2820
6720 , 222, 2841
6401 , 70, 2863
891 , 81, 2884
885 , 82, 2905
879 , 82, 2927
3971 , 411, 2948
3459 , 303, 2970
7759 , 35, 2991
2127 , 36, 3012
9656 , 124, 3034
9918 , 124, 3056
9537 , 138, 3077
10881 , 486, 3099
12610 , 318, 3120
857 , 89, 3142
855 , 91, 3163
3971 , 11, 3184
3970 , 487, 3206
4559 , 39, 3227
15439 , 39, 3249
9903 , 124, 3270
9947 , 124, 3292
9990 , 124, 3314
4674 , 394, 3335
8643 , 238, 3356
851 , 96, 3378
851 , 99, 3399
131 , 443, 3419
128 , 1, 3439
5327 , 42, 3459
79 , 42, 3480
10384 , 84, 3519
10428 , 124, 3541
6787 , 170, 3563
2756 , 38, 3584
856 , 104, 3605
858 , 105, 3626
3971 , 169, 3647
3971 , 103, 3668
12495 , 38, 3690
7759 , 39, 3711
3023 , 37, 3733
10413 , 124, 3755
10459 , 124, 3776
388 , 206, 3798
5765 , 50, 3820
879 , 112, 3842
887 , 113, 3863
3972 , 369, 3886
3972 , 341, 3907
3972 , 333, 3929
7887 , 34, 3951
2511 , 33, 3971
10670 , 124, 3993
10712 , 124, 4015
5125 , 154, 4036
11398 , 134, 4057
922 , 120, 4079
933 , 120, 4100
944 , 123, 4122
3972 , 417, 4143
3972 , 441, 4163
7503 , 31, 4184
2255 , 31, 4206
10922 , 124, 4226
10967 , 124, 4247
9030 , 278, 4269
13959 , 106, 4291
993 , 128, 4311
1009 , 128, 4332
1024 , 131, 4354
3972 , 39, 4375
3972 , 97, 4396
7503 , 30, 4418
2639 , 30, 4439
11185 , 124, 4461
11227 , 124, 4483
4039 , 278, 4503
16200 , 130, 4525
11656 , 482, 4547
1113 , 136, 4568
1137 , 139, 4590
3972 , 45, 4612
3972 , 193, 4634
3919 , 30, 4655
14799 , 30, 4676
11424 , 124, 4697
11470 , 124, 4719
11513 , 124, 4740
13001 , 46, 4762
10121 , 410, 4783
1263 , 145, 4805
1292 , 145, 4826
3972 , 189, 4847
3972 , 345, 4867
15055 , 33, 4888
10063 , 32, 4910
140 , 124, 4950
183 , 124, 4971
2697 , 6, 4992
137 , 378, 5013
1284 , 150, 5034
1268 , 151, 5055
3972 , 491, 5077
3972 , 169, 5098
13647 , 34, 5119
8783 , 35, 5140
3663 , 35, 5162
379 , 124, 5183
423 , 124, 5203
9866 , 434, 5224
8458 , 270, 5245
777 , 159, 5266
768 , 160, 5287
3972 , 199, 5307
3972 , 323, 5327
3972 , 7, 5347
8911 , 80, 5367
3791 , 36, 5386
635 , 124, 5406
678 , 124, 5426
5323 , 430, 5446
5131 , 278, 5467
841 , 167, 5487
834 , 168, 5508
828 , 168, 5529
3973 , 433, 5548
3973 , 469, 5568
8527 , 37, 5588
3023 , 36, 5609
883 , 124, 5630
931 , 124, 5650
5452 , 326, 5671
5580 , 198, 5692
0 , 181, 5732
1096 , 174, 5753
3974 , 309, 5774
3974 , 341, 5795
5327 , 66, 5816
16335 , 65, 5838
1085 , 124, 5859
1128 , 124, 5881
8205 , 318, 5902
8845 , 178, 5923
10125 , 2, 5944
1070 , 180, 5964
1013 , 183, 5985
3976 , 335, 6006
3972 , 313, 6027
1615 , 59, 6048
13007 , 56, 6068
1323 , 124, 6088
1367 , 124, 6108
1412 , 124, 6130
782 , 62, 6151
2894 , 406, 6171
1068 , 188, 6192
871 , 191, 6214
3972 , 20, 6234
3972 , 452, 6254
15311 , 52, 6273
10575 , 52, 6293
5583 , 51, 6314
1628 , 124, 6334
1673 , 124, 6355
14095 , 466, 6375
911 , 274, 6397
1086 , 197, 6418
1088 , 197, 6439
3971 , 420, 6460
3971 , 282, 6482
15567 , 48, 6503
9935 , 49, 6524
5199 , 48, 6546
1876 , 124, 6567
1923 , 124, 6590
2704 , 430, 6611
6864 , 270, 6632
1105 , 205, 6653
1128 , 205, 6674
3971 , 510, 6695
3971 , 508, 6715
3971 , 46, 6736
8143 , 46, 6757
3279 , 46, 6777
2125 , 124, 6798
2169 , 124, 6819
15377 , 306, 6840
5393 , 138, 6860
1181 , 212, 6881
1192 , 213, 6902
1207 , 215, 6923
3972 , 90, 6943
3972 , 196, 6964
4687 , 44, 6984
16079 , 44, 7004
2373 , 124, 7025
2420 , 124, 7045
5266 , 146, 7065
10450 , 482, 7087
1268 , 219, 7107
1261 , 220, 7127
1253 , 222, 7147
130 , 32, 7167
3968 , 0, 7187
15439 , 45, 7207
10191 , 45, 7226
2607 , 124, 7247
2650 , 124, 7267
14227 , 78, 7287
8723 , 426, 7307
4371 , 310, 7327
1151 , 228, 7347
1174 , 229, 7367
3968 , 0, 7384
3968 , 0, 7402
8271 , 45, 7420
3023 , 44, 7439
2837 , 124, 7458
2881 , 124, 7475
2924 , 124, 7492
84 , 294, 7511
16148 , 154, 7530
1247 , 234, 7549
1273 , 237, 7568
3972 , 142, 7586
3972 , 276, 7605
847 , 46, 7624
11855 , 46, 7643
3066 , 124, 7676
3110 , 124, 7695
16085 , 218, 7714
13717 , 78, 7732
1352 , 240, 7751
1366 , 242, 7770
3972 , 478, 7789
2692 , 30, 7808
14927 , 46, 7826
10575 , 47, 7843
5839 , 45, 7861
3286 , 124, 7880
3330 , 124, 7899
2197 , 290, 7918
7062 , 202, 7936
1750 , 247, 7956
1825 , 248, 7976
3976 , 280, 7995
3975 , 410, 8014
3975 , 22, 8034
2767 , 41, 8053
13263 , 41, 8072
3507 , 124, 8091
3553 , 124, 8110
13142 , 110, 8128
1302 , 442, 8148
2470 , 254, 8167
1187 , 256, 8185
1196 , 257, 8204
3975 , 270, 8223
3974 , 470, 8243
10959 , 43, 8262
5967 , 44, 8281
3732 , 124, 8300
3774 , 124, 8320
6999 , 346, 8339
10775 , 250, 8358
1113 , 262, 8376
1096 , 263, 8395
1091 , 265, 8415
3974 , 68, 8435
3974 , 414, 8455
7759 , 28, 8474
2127 , 29, 8495
3955 , 124, 8514
3997 , 124, 8534
15064 , 86, 8553
216 , 410, 8572
1048 , 254, 8593
993 , 271, 8614
973 , 272, 8634
3974 , 292, 8655
3974 , 176, 8676
14415 , 29, 8697
8015 , 31, 8717
4167 , 124, 8738
4213 , 124, 8759
4254 , 124, 8779
4249 , 86, 8799
9945 , 426, 8819
948 , 276, 8840
947 , 279, 8861
3973 , 268, 8881
3909 , 144, 8901
1743 , 33, 8922
13391 , 32, 8943
4375 , 124, 8963
4419 , 124, 8984
4461 , 124, 9005
4058 , 254, 9026
7130 , 74, 9046
970 , 283, 9066
979 , 284, 9086
3973 , 402, 9106
3973 , 380, 9125
8911 , 30, 9144
3919 , 29, 9164
14671 , 29, 9184
4630 , 124, 9205
4674 , 124, 9226
6107 , 458, 9247
11547 , 286, 9267
716 , 290, 9287
724 , 293, 9308
3973 , 230, 9328
3973 , 214, 9349
3973 , 206, 9370
13263 , 28, 9391
8271 , 28, 9411
4859 , 124, 9432
4923 , 124, 9453
5020 , 246, 9474
10844 , 94, 9495
0 , 304, 9515
0 , 305, 9535
3973 , 212, 9574
3973 , 226, 9593
10191 , 26, 9612
5455 , 26, 9632
5070 , 100, 9652
5112 , 76, 9672
12060 , 178, 9692
7389 , 18, 9713
2502 , 303, 9734
2543 , 304, 9754
0 , 313, 9774
3973 , 390, 9793
3973 , 468, 9813
3279 , 27, 9834
14671 , 27, 9853
5288 , 124, 9873
5332 , 124, 9892
13725 , 422, 9913
16157 , 254, 9932
10398 , 78, 9951
1210 , 311, 9971
1222 , 312, 9990
3973 , 222, 10010
3973 , 304, 10028
10319 , 27, 10047
5839 , 27, 10067
5712 , 4, 10087
5756 , 4, 10107
5585 , 124, 10127
478 , 450, 10147
16222 , 274, 10167
2156 , 318, 10188
2100 , 319, 10208
3973 , 364, 10227
3972 , 438, 10247
2383 , 27, 10267
13647 , 27, 10286
5730 , 124, 10323
5773 , 124, 10343
5087 , 318, 10364
1503 , 166, 10384
1955 , 324, 10404
1913 , 325, 10425
3973 , 360, 10446
3973 , 6, 10467
1359 , 26, 10487
11855 , 26, 10507
7631 , 27, 10528
5959 , 124, 10549
6003 , 124, 10569
1312 , 158, 10590
7008 , 510, 10611
1760 , 331, 10631
1729 , 333, 10651
3973 , 110, 10671
3973 , 324, 10692
3971 , 432, 10713
3791 , 29, 10733
15055 , 29, 10753
6391 , 124, 10774
6221 , 124, 10794
7713 , 510, 10814
6817 , 370, 10834
1635 , 338, 10854
1613 , 339, 10875
1599 , 341, 10895
3971 , 214, 10915
3971 , 262, 10935
10063 , 30, 10955
4815 , 31, 10975
6399 , 124, 10994
6442 , 124, 11012
3554 , 262, 11031
5538 , 98, 11050
1547 , 344, 11068
1530 , 347, 11087
1518 , 347, 11105
3972 , 478, 11124
3972 , 322, 11144
975 , 33, 11163
11727 , 32, 11181
6621 , 124, 11200
6662 , 124, 11219
10786 , 462, 11239
10275 , 314, 11258
1635 , 126, 11278
1477 , 353, 11298
1468 , 354, 11319
3971 , 288, 11340
3971 , 156, 11360
8527 , 36, 11381
3791 , 37, 11402
6850 , 124, 11423
6895 , 124, 11443
6938 , 124, 11463
10596 , 86, 11483
5028 , 6, 11503
1439 , 1, 11523
1437 , 2, 11543
3971 , 256, 11564
3971 , 188, 11584
1103 , 41, 11605
12623 , 40, 11626
7079 , 124, 11664
7124 , 124, 11685
6308 , 94, 11705
37 , 490, 11726
1433 , 6, 11747
1434 , 7, 11768
3971 , 496, 11790
3971 , 446, 11811
1487 , 38, 11832
12105 , 25, 11855
7886 , 24, 11876
7293 , 124, 11898
7338 , 124, 11919
6885 , 482, 11941
12709 , 322, 11963
1441 , 12, 11984
1445 , 14, 12006
3971 , 280, 12028
3971 , 244, 12050
3971 , 220, 12071
2383 , 24, 12092
13903 , 24, 12115
7505 , 124, 12136
7548 , 124, 12158
16358 , 310, 12179
13222 , 158, 12201
1468 , 19, 12223
1477 , 20, 12245
1483 , 23, 12267
3971 , 170, 12289
3971 , 154, 12311
8015 , 26, 12332
3663 , 25, 12354
7723 , 124, 12376
7766 , 124, 12398
6119 , 46, 12419
12263 , 398, 12442
1521 , 27, 12463
1548 , 28, 12485
1434 , 29, 12507
3971 , 166, 12528
3971 , 182, 12551
15567 , 34, 12573
9935 , 28, 12595
7945 , 124, 12617
7985 , 124, 12639
1192 , 250, 12662
6440 , 106, 12683
11432 , 446, 12704
1302 , 35, 12726
1316 , 36, 12747
3971 , 288, 12768
3971 , 316, 12790
7759 , 33, 12811
2255 , 31, 12831
8190 , 124, 12851
8233 , 124, 12872
8278 , 124, 12892
3561 , 346, 12913
11689 , 198, 12933
1405 , 42, 12954
1423 , 43, 12975
3971 , 6, 12997
3971 , 76, 13018
463 , 32, 13038
14543 , 26, 13059
8411 , 124, 13080
8457 , 124, 13102
8504 , 124, 13123
682 , 94, 13144
11306 , 442, 13166
929 , 49, 13188
921 , 50, 13210
3971 , 370, 13231
3971 , 458, 13253
4303 , 33, 13275
15695 , 33, 13296
10319 , 34, 13318
8673 , 124, 13340
8721 , 124, 13362
8746 , 298, 13383
5291 , 134, 13404
951 , 57, 13427
999 , 57, 13448
3971 , 367, 13468
3971 , 475, 13490
3972 , 117, 13511
6223 , 34, 13532
1231 , 35, 13554
8890 , 124, 13575
8933 , 124, 13596
6379 , 6, 13618
4011 , 362, 13639
1036 , 62, 13659
1020 , 65, 13681
3972 , 73, 13723
3972 , 239, 13744
1359 , 35, 13765
12751 , 36, 13787
9056 , 124, 13807
9103 , 124, 13828
13292 , 334, 13850
12716 , 166, 13872
975 , 69, 13894
963 , 70, 13916
952 , 71, 13938
3972 , 481, 13960
3972 , 249, 13982
6735 , 37, 14003
1999 , 38, 14025
9270 , 124, 14047
9322 , 124, 14068
7232 , 506, 14089
7168 , 350, 14111
6720 , 194, 14133
912 , 77, 14155
905 , 78, 14176
3973 , 57, 14198
3973 , 33, 14219
10575 , 39, 14241
5327 , 38, 14263
9482 , 124, 14284
9526 , 124, 14306
9570 , 124, 14327
6721 , 502, 14348
7169 , 334, 14370
876 , 83, 14391
872 , 85, 14413
2947 , 309, 14435
2691 , 87, 14456
2127 , 36, 14478
13775 , 36, 14500
9706 , 124, 14521
9751 , 124, 14543
9999 , 4, 14565
11970 , 202, 14587
13506 , 46, 14608
856 , 90, 14631
854 , 91, 14652
3970 , 511, 14675
3971 , 71, 14696
8271 , 38, 14717
3023 , 39, 14739
13519 , 38, 14759
9957 , 124, 14780
10001 , 124, 14801
6146 , 462, 14822
9091 , 282, 14843
851 , 96, 14863
852 , 99, 14883
3971 , 455, 14902
131 , 391, 14922
3968 , 1, 14940
9551 , 46, 14959
4047 , 50, 14979
10166 , 124, 14998
10210 , 124, 15018
2883 , 238, 15038
900 , 94, 15058
855 , 104, 15079
858 , 105, 15099
3971 , 207, 15120
3968 , 1, 15140
3968 , 1, 15161
4559 , 31, 15183
79 , 30, 15203
10391 , 124, 15224
10434 , 124, 15245
13124 , 478, 15266
2308 , 314, 15287
873 , 110, 15307
880 , 113, 15328
886 , 113, 15351
3972 , 393, 15372
3972 , 333, 15394
13903 , 28, 15415
9167 , 29, 15435
10616 , 124, 15456
10661 , 124, 15477
2437 , 218, 15499
7813 , 82, 15520
12742 , 38, 15542
918 , 119, 15563
928 , 121, 15584
3968 , 1, 15606
3972 , 433, 15627
7631 , 27, 15648
2383 , 27, 15669
10849 , 124, 15690
10895 , 124, 15711
6662 , 194, 15752
7814 , 2, 15774
965 , 124, 15795
979 , 127, 15816
3972 , 9, 15838
3972 , 71, 15859
5711 , 26, 15881
1231 , 26, 15903
11036 , 124, 15924
11080 , 124, 15946
11124 , 124, 15967
263 , 434, 15988
11271 , 282, 16010
1044 , 133, 16031
1063 , 133, 16053
3972 , 307, 16075
3972 , 395, 16096
16335 , 26, 16117
11215 , 26, 16137
5583 , 27, 16158
11316 , 124, 16179
11361 , 124, 16199
9096 , 302, 16221
4936 , 134, 16242
1160 , 139, 16263
1184 , 140, 16284
3972 , 269, 16305
3972 , 365, 16326
3972 , 467, 16347
2767 , 29, 16369
14543 , 28, 16390
23 , 124, 16411
69 , 124, 16433
9161 , 78, 16454
6089 , 458, 16475
1306 , 147, 16495
1323 , 147, 16515
3972 , 423, 16535
3972 , 343, 16554
3972 , 261, 16573
12367 , 29, 16592
7759 , 28, 16612
247 , 124, 16632
293 , 124, 16652
14410 , 330, 16673
12426 , 186, 16693
823 , 154, 16714
804 , 155, 16735
785 , 156, 16755
3972 , 493, 16776
3972 , 165, 16796
3151 , 27, 16817
14799 , 28, 16837
466 , 124, 16858
509 , 124, 16878
7435 , 70, 16898
6603 , 418, 16918
5963 , 238, 16939
771 , 163, 16959
765 , 164, 16979
3972 , 167, 16999
3972 , 239, 17018
15567 , 0, 17038
3663 , 0, 17057
692 , 124, 17077
736 , 124, 17097
5131 , 310, 17136
4620 , 162, 17156
833 , 168, 17175
828 , 168, 17195
3973 , 293, 17215
3972 , 415, 17235
4174 , 38, 17255
6080 , 39, 17276
867 , 124, 17297
911 , 124, 17318
958 , 124, 17338
5516 , 30, 17357
5836 , 394, 17377
1095 , 175, 17397
931 , 176, 17417
3971 , 435, 17437
3971 , 329, 17458
11087 , 64, 17478
5839 , 63, 17498
847 , 62, 17518
1153 , 124, 17537
1196 , 124, 17556
9869 , 338, 17577
10573 , 186, 17597
1011 , 182, 17618
1009 , 182, 17639
3971 , 35, 17660
3971 , 460, 17681
3971 , 20, 17702
15951 , 56, 17723
11215 , 56, 17744
1381 , 124, 17765
1426 , 124, 17786
1614 , 182, 17807
3470 , 18, 17828
1068 , 188, 17850
875 , 190, 17871
3971 , 240, 17892
3971 , 134, 17913
3971 , 46, 17934
13135 , 52, 17955
8143 , 50, 17975
1638 , 124, 17996
1683 , 124, 18017
14607 , 510, 18037
1359 , 358, 18056
1084 , 197, 18076
1089 , 198, 18096
1096 , 198, 18116
3971 , 262, 18136
3971 , 250, 18156
6223 , 48, 18176
1359 , 48, 18196
1854 , 124, 18215
1904 , 124, 18235
592 , 238, 18254
4752 , 66, 18274
9104 , 410, 18292
1122 , 204, 18311
1131 , 206, 18331
3971 , 264, 18351
3971 , 270, 18370
14415 , 47, 18389
9551 , 46, 18407
2084 , 124, 18424
2130 , 124, 18442
8209 , 446, 18477
15121 , 270, 18495
1163 , 211, 18515
1178 , 211, 18535
3971 , 350, 18555
3971 , 496, 18576
10191 , 45, 18596
5327 , 45, 18615
2262 , 124, 18635
2308 , 124, 18655
2353 , 124, 18674
11730 , 122, 18694
2834 , 486, 18714
1238 , 216, 18734
1258 , 219, 18753
3971 , 152, 18772
3971 , 134, 18793
591 , 45, 18813
11471 , 45, 18832
6735 , 45, 18851
2527 , 124, 18871
2570 , 124, 18891
15506 , 326, 18910
3475 , 258, 18928
1189 , 224, 18947
1153 , 225, 18967
3971 , 104, 18986
3971 , 108, 19005
3971 , 132, 19024
3279 , 45, 19043
14543 , 45, 19063
2750 , 124, 19083
2794 , 124, 19103
2067 , 242, 19121
404 , 78, 19140
1192 , 230, 19159
1185 , 233, 19179
3971 , 242, 19198
3971 , 354, 19217
3971 , 492, 19236
8911 , 45, 19256
3663 , 45, 19275
2964 , 124, 19294
3007 , 124, 19314
3924 , 394, 19334
1812 , 246, 19352
1197 , 238, 19372
1127 , 239, 19391
1130 , 241, 19411
3204 , 192, 19431
3972 , 192, 19451
1999 , 46, 19471
13391 , 46, 19491
3195 , 124, 19511
3236 , 124, 19530
22 , 262, 19550
22 , 106, 19571
2453 , 278, 19591
1029 , 247, 19611
1018 , 248, 19631
3976 , 198, 19651
3976 , 264, 19671
13775 , 40, 19691
8015 , 39, 19711
3420 , 124, 19731
3466 , 124, 19751
23 , 62, 19790
12758 , 254, 19810
1007 , 253, 19830
999 , 253, 19850
3975 , 114, 19871
3975 , 252, 19891
10703 , 41, 19911
5583 , 42, 19931
3603 , 124, 19951
3646 , 124, 19971
3688 , 124, 19991
10839 , 106, 20011
11031 , 462, 20031
975 , 258, 20051
960 , 261, 20071
3974 , 270, 20091
3974 , 14, 20111
15951 , 44, 20132
14671 , 42, 20151
9679 , 29, 20171
3858 , 124, 20190
3900 , 124, 20209
24 , 474, 20228
14552 , 158, 20248
928 , 266, 20268
923 , 267, 20288
3974 , 278, 20308
3974 , 102, 20328
3974 , 464, 20347
4559 , 29, 20366
15951 , 28, 20386
4068 , 124, 20405
4112 , 124, 20424
2904 , 446, 20444
14681 , 306, 20465
868 , 272, 20486
865 , 274, 20506
3974 , 88, 20526
3973 , 476, 20546
3973 , 366, 20565
9679 , 33, 20584
4687 , 32, 20603
4287 , 124, 20623
4331 , 124, 20642
12121 , 202, 20662
13594 , 38, 20682
879 , 279, 20701
883 , 280, 20721
892 , 283, 20740
3973 , 48, 20760
3973 , 432, 20780
1487 , 30, 20800
12879 , 31, 20821
4497 , 124, 20841
4538 , 124, 20860
9882 , 374, 20880
13466 , 222, 20900
1563 , 66, 20919
898 , 287, 20939
893 , 288, 20959
3973 , 282, 20980
3973 , 286, 21001
8015 , 28, 21021
3279 , 29, 21042
4716 , 124, 21062
4757 , 124, 21082
16347 , 90, 21102
13083 , 454, 21123
2139 , 302, 21143
909 , 295, 21163
912 , 296, 21184
3973 , 210, 21205
3973 , 190, 21226
15951 , 27, 21247
11727 , 27, 21268
4957 , 124, 21289
5002 , 124, 21310
5049 , 100, 21330
2844 , 174, 21351
8348 , 18, 21372
932 , 301, 21393
941 , 302, 21414
3973 , 294, 21435
3973 , 338, 21456
6991 , 27, 21478
2639 , 27, 21499
13391 , 27, 21519
5226 , 124, 21540
5272 , 124, 21560
3549 , 414, 21580
13021 , 262, 21601
1063 , 309, 21622
1245 , 309, 21643
3973 , 34, 21663
3973 , 80, 21683
14415 , 27, 21722
10063 , 27, 21742
5395 , 124, 21761
5443 , 124, 21781
7902 , 306, 21800
2910 , 170, 21820
1232 , 314, 21840
0 , 322, 21859
3973 , 392, 21878
3973 , 460, 21897
3973 , 338, 21915
6863 , 27, 21935
1359 , 27, 21954
5608 , 124, 21974
5657 , 124, 21993
11231 , 50, 22012
9375 , 410, 22031
2084 , 320, 22051
2036 , 321, 22070
1988 , 322, 22090
3973 , 116, 22109
3973 , 212, 22130
11727 , 26, 22150
5967 , 26, 22171
5823 , 124, 22190
5866 , 124, 22209
6559 , 218, 22228
3872 , 74, 22247
864 , 422, 22265
1833 , 328, 22284
1797 , 329, 22304
3973 , 388, 22324
3973 , 72, 22343
1487 , 27, 22363
12495 , 28, 22383
6041 , 124, 22401
6093 , 124, 22419
10144 , 454, 22435
7776 , 298, 22452
5473 , 138, 22470
1681 , 334, 22488
1663 , 337, 22507
3971 , 316, 22525
3971 , 248, 22544
7503 , 28, 22563
2255 , 29, 22582
6263 , 124, 22601
6307 , 124, 22619
6351 , 124, 22637
8993 , 34, 22656
2465 , 402, 22675
1577 , 342, 22694
1561 , 343, 22712
3971 , 358, 22731
3971 , 68, 22751
15055 , 30, 22771
10063 , 31, 22790
5455 , 32, 22809
6530 , 124, 22829
6572 , 124, 22849
13218 , 270, 22868
13218 , 94, 22888
1505 , 348, 22907
1495 , 351, 22927
3972 , 180, 22946
3972 , 40, 22965
5327 , 33, 23002
335 , 35, 23022
6708 , 124, 23042
6750 , 124, 23060
2531 , 138, 23080
2659 , 474, 23099
1465 , 355, 23119
1460 , 356, 23138
3971 , 172, 23158
3971 , 60, 23176
3971 , 482, 23196
10959 , 37, 23216
5711 , 39, 23236
6921 , 124, 23256
6964 , 124, 23276
1700 , 306, 23297
1892 , 142, 23316
1443 , 0, 23336
1436 , 3, 23356
1433 , 4, 23376
3971 , 164, 23397
3971 , 78, 23417
1871 , 42, 23438
13519 , 40, 23459
7149 , 124, 23479
7194 , 124, 23499
7781 , 98, 23520
9637 , 426, 23540
10981 , 266, 23561
1434 , 9, 23581
1437 , 10, 23601
3971 , 374, 23622
3971 , 324, 23642
15053 , 24, 23662
11209 , 24, 23682
7367 , 124, 23702
7411 , 124, 23723
2533 , 342, 23743
6502 , 158, 23763
11814 , 502, 23784
1454 , 17, 23806
1461 , 18, 23827
3971 , 198, 23848
3971 , 184, 23869
6607 , 23, 23890
1999 , 26, 23911
7595 , 124, 23932
7638 , 124, 23954
7685 , 124, 23975
1702 , 378, 23996
1639 , 214, 24018
1498 , 24, 24039
1510 , 24, 24059
3971 , 144, 24080
3971 , 162, 24101
1728 , 25, 24122
12992 , 0, 24143
1999 , 0, 24164
7867 , 124, 24184
7913 , 124, 24206
13543 , 18, 24226
167 , 370, 24247
1327 , 30, 24269
1270 , 33, 24290
3971 , 194, 24311
3971 , 220, 24332
8783 , 28, 24353
2255 , 29, 24374
14031 , 32, 24394
8081 , 124, 24415
8146 , 124, 24436
14824 , 378, 24457
4136 , 230, 24478
1343 , 39, 24499
1364 , 40, 24520
3971 , 372, 24540
3971 , 434, 24560
3971 , 480, 24580
11855 , 32, 24600
6607 , 32, 24621
8332 , 124, 24642
8378 , 124, 24663
617 , 206, 24684
10153 , 50, 24706
1386 , 46, 24727
948 , 47, 24748
933 , 48, 24769
3971 , 242, 24791
3971 , 330, 24812
5455 , 0, 24833
79 , 33, 24855
8566 , 124, 24875
8607 , 124, 24896
2474 , 486, 24916
12970 , 330, 24937
923 , 52, 24978
929 , 55, 24998
3971 , 104, 25019
3971 , 212, 25039
1615 , 34, 25059
13007 , 34, 25078
8748 , 124, 25098
8792 , 124, 25117
811 , 394, 25138
13099 , 230, 25159
10731 , 70, 25179
1079 , 60, 25199
1060 , 61, 25219
3972 , 207, 25239
3972 , 395, 25259
8911 , 34, 25277
3663 , 34, 25296
8960 , 124, 25316
9002 , 124, 25336
9050 , 124, 25357
1452 , 410, 25378
15532 , 250, 25399
994 , 66, 25419
977 , 69, 25439
3972 , 71, 25460
3972 , 249, 25481
463 , 36, 25502
11599 , 36, 25523
6735 , 37, 25544
9234 , 124, 25564
9277 , 124, 25585
7872 , 230, 25605
7360 , 78, 25624
926 , 74, 25644
919 , 75, 25663
3973 , 231, 25683
3973 , 409, 25703
11343 , 39, 25723
6607 , 40, 25743
2127 , 39, 25762
9466 , 124, 25781
9508 , 124, 25799
6529 , 38, 25818
6721 , 390, 25837
885 , 81, 25857
879 , 82, 25876
3971 , 427, 25897
2947 , 255, 25917
3459 , 89, 25936
16207 , 36, 25955
11087 , 37, 25973
9697 , 124, 25991
9740 , 124, 26010
9473 , 330, 26029
11202 , 154, 26047
860 , 89, 26067
857 , 90, 26086
854 , 91, 26106
3971 , 3, 26126
3971 , 1, 26145
6607 , 38, 26165
1743 , 40, 26185
9911 , 124, 26206
9954 , 124, 26225
2690 , 86, 26244
4994 , 438, 26265
851 , 95, 26286
851 , 96, 26306
851 , 99, 26326
3971 , 441, 26347
131 , 391, 26367
15439 , 39, 26387
9551 , 46, 26407
10358 , 124, 26427
10167 , 124, 26446
7363 , 398, 26466
2371 , 266, 26485
16132 , 110, 26504
855 , 104, 26523
858 , 105, 26543
3971 , 195, 26563
3968 , 1, 26584
4303 , 57, 26604
15439 , 67, 26625
10348 , 124, 26646
10393 , 124, 26666
10438 , 124, 26686
14084 , 14, 26706
3780 , 362, 26726
876 , 110, 26747
882 , 113, 26768
3972 , 347, 26790
3972 , 359, 26812
591 , 34, 26833
11855 , 34, 26855
10572 , 124, 26896
10618 , 124, 26918
3781 , 386, 26939
2565 , 218, 26961
901 , 117, 26983
909 , 118, 27005
3972 , 261, 27027
3459 , 341, 27048
12495 , 32, 27070
7119 , 32, 27092
2511 , 33, 27114
10789 , 124, 27136
10833 , 124, 27158
6982 , 214, 27179
6022 , 74, 27200
948 , 122, 27222
960 , 125, 27243
3972 , 491, 27265
3972 , 13, 27286
3972 , 31, 27307
207 , 28, 27329
10831 , 27, 27350
11008 , 124, 27371
11053 , 124, 27391
3719 , 374, 27412
4423 , 182, 27434
1014 , 130, 27455
1032 , 130, 27477
1048 , 133, 27499
3972 , 135, 27520
3972 , 311, 27542
3919 , 27, 27563
15055 , 27, 27584
11221 , 124, 27606
11266 , 122, 27628
968 , 10, 27649
13256 , 366, 27671
1107 , 137, 27692
1127 , 138, 27713
1153 , 138, 27734
3972 , 125, 27755
3972 , 239, 27777
10063 , 29, 27799
4815 , 28, 27821
11435 , 124, 27843
11480 , 124, 27865
15816 , 226, 27887
12809 , 74, 27909
10121 , 442, 27931
1265 , 145, 27953
1291 , 145, 27975
3972 , 165, 27998
3972 , 359, 28020
1871 , 27, 28042
13519 , 28, 28063
143 , 124, 28085
188 , 124, 28106
232 , 124, 28128
457 , 394, 28150
14474 , 262, 28171
1266 , 151, 28194
825 , 153, 28215
3972 , 151, 28238
3972 , 317, 28259
12367 , 28, 28280
6991 , 28, 28303
374 , 124, 28345
417 , 124, 28367
10058 , 310, 28390
9290 , 154, 28412
781 , 158, 28434
774 , 159, 28456
3972 , 437, 28478
3972 , 225, 28500
10319 , 28, 28522
5199 , 29, 28543
16207 , 30, 28566
606 , 124, 28587
650 , 124, 28608
5771 , 134, 28630
5323 , 10, 28651
849 , 164, 28673
839 , 167, 28695
3972 , 145, 28717
3972 , 235, 28739
3972 , 49, 28761
12623 , 37, 28783
6990 , 38, 28803
835 , 124, 28825
878 , 124, 28847
4940 , 430, 28869
5068 , 246, 28891
0 , 179, 28914
0 , 180, 28936
1099 , 175, 28959
3972 , 277, 28980
3972 , 207, 29003
2127 , 67, 29024
13391 , 64, 29046
1071 , 124, 29068
1116 , 124, 29091
7309 , 214, 29113
9101 , 42, 29135
0 , 185, 29157
1074 , 181, 29179
1010 , 182, 29201
3972 , 147, 29223
3972 , 93, 29244
8911 , 58, 29266
4175 , 58, 29287
1286 , 124, 29308
1331 , 124, 29330
13838 , 402, 29351
15182 , 234, 29372
1038 , 62, 29395
1069 , 186, 29416
1070 , 189, 29438
3971 , 326, 29459
3971 , 224, 29480
15823 , 54, 29502
10447 , 52, 29523
1501 , 124, 29543
1561 , 124, 29564
1603 , 124, 29586
9871 , 378, 29608
12367 , 218, 29630
1077 , 194, 29652
1081 , 194, 29673
3971 , 388, 29695
3971 , 280, 29715
3919 , 51, 29736
15183 , 50, 29758
1725 , 124, 29779
1772 , 124, 29800
1812 , 124, 29822
9232 , 6, 29843
12176 , 366, 29863
1086 , 201, 29885
1091 , 202, 29907
3971 , 410, 29927
3971 , 406, 29947
9807 , 48, 29967
4687 , 47, 29988
16079 , 46, 30008
1978 , 124, 30029
2025 , 124, 30050
12944 , 114, 30071
1104 , 482, 30093
1134 , 206, 30114
1147 , 209, 30135
3971 , 506, 30155
3971 , 400, 30175
3971 , 432, 30196
9295 , 46, 30217
3919 , 45, 30239
2191 , 124, 30260
2236 , 124, 30282
7825 , 278, 30303
15313 , 102, 30325
1194 , 213, 30347
1209 , 214, 30368
3971 , 146, 30389
3971 , 500, 30411
3971 , 458, 30432
15055 , 44, 30454
10319 , 45, 30475
2410 , 124, 30497
2453 , 124, 30519
9618 , 426, 30540
978 , 250, 30561
1280 , 221, 30582
1261 , 222, 30603
1217 , 223, 30624
3971 , 108, 30645
3971 , 108, 30666
6095 , 45, 30687
719 , 45, 30708
2633 , 124, 30730
2676 , 124, 30751
8659 , 318, 30772
9043 , 194, 30794
2515 , 50, 30815
1169 , 228, 30836
1187 , 230, 30859
3971 , 74, 30880
3971 , 76, 30901
14543 , 44, 30922
9295 , 44, 30944
2855 , 124, 30965
2898 , 124, 30987
788 , 58, 31029
16084 , 422, 31051
1226 , 235, 31073
1256 , 235, 31095
3971 , 194, 31116
3972 , 342, 31138
10703 , 45, 31159
5327 , 46, 31181
3031 , 124, 31203
3074 , 124, 31225
3118 , 124, 31247
15893 , 258, 31268
14293 , 74, 31290
1165 , 240, 31311
1130 , 243, 31332
3972 , 498, 31354
132 , 186, 31375
463 , 47, 31396
12367 , 48, 31417
8015 , 45, 31438
3295 , 124, 31459
3340 , 124, 31480
15317 , 358, 31502
6614 , 266, 31523
1042 , 249, 31544
1030 , 249, 31565
3976 , 202, 31586
3975 , 338, 31606
3975 , 480, 31627
5455 , 41, 31648
591 , 40, 31669
3517 , 124, 31690
3564 , 124, 31711
13526 , 134, 31733
9238 , 486, 31755
1000 , 254, 31777
1006 , 257, 31799
3975 , 430, 31820
3975 , 192, 31841
3974 , 432, 31863
11983 , 43, 31883
7247 , 44, 31905
3737 , 124, 31927
3783 , 124, 31948
12631 , 382, 31969
24 , 386, 31991
951 , 263, 32012
944 , 264, 32034
919 , 264, 32055
3974 , 50, 32075
3974 , 352, 32096
10063 , 28, 32116
4047 , 29, 32136
3962 , 124, 32156
4007 , 124, 32178
16024 , 130, 32198
984 , 490, 32219
1368 , 334, 32239
893 , 271, 32260
894 , 272, 32282
3974 , 308, 32302
3974 , 188, 32322
14543 , 29, 32343
8271 , 31, 32363
4170 , 124, 32384
4212 , 124, 32406
2201 , 274, 32427
3737 , 130, 32449
9817 , 466, 32470
890 , 276, 32491
888 , 279, 32512
3973 , 274, 32534
3909 , 146, 32555
719 , 33, 32576
12239 , 32, 32597
4373 , 124, 32618
4415 , 124, 32639
4457 , 124, 32659
4122 , 234, 32680
7578 , 54, 32701
897 , 283, 32723
902 , 284, 32743
3973 , 424, 32764
3973 , 372, 32784
6479 , 30, 32805
1615 , 29, 32825
12495 , 29, 32845
4628 , 124, 32866
4669 , 124, 32886
6171 , 422, 32907
11483 , 242, 32926
923 , 291, 32946
920 , 292, 32966
3973 , 218, 32986
3973 , 204, 33005
13903 , 29, 33025
8143 , 28, 33046
3663 , 28, 33066
4842 , 124, 33086
4897 , 124, 33106
10396 , 74, 33127
1564 , 450, 33147
859 , 296, 33167
865 , 299, 33186
3973 , 210, 33206
3973 , 222, 33226
3973 , 224, 33247
14671 , 26, 33267
9679 , 26, 33287
5080 , 84, 33307
5128 , 68, 33327
12572 , 270, 33347
8541 , 94, 33368
911 , 304, 33388
934 , 304, 33408
0 , 312, 33429
3973 , 398, 33449
3973 , 440, 33470
3663 , 27, 33490
15439 , 27, 33511
5289 , 124, 33531
5331 , 124, 33552
7965 , 426, 33574
4893 , 262, 33595
1195 , 311, 33635
1207 , 311, 33655
3973 , 136, 33675
3973 , 236, 33696
335 , 27, 33717
11599 , 27, 33738
5471 , 124, 33759
5716 , 4, 33779
13342 , 378, 33800
8862 , 234, 33822
3742 , 86, 33843
0 , 324, 33864
2150 , 318, 33886
3973 , 330, 33907
3973 , 214, 33929
9935 , 27, 33950
4559 , 27, 33971
5691 , 124, 33992
5941 , 4, 34012
5776 , 124, 34033
2847 , 22, 34054
16351 , 382, 34074
1954 , 324, 34094
1913 , 325, 34115
3973 , 362, 34135
3973 , 12, 34155
847 , 26, 34175
11471 , 26, 34195
6351 , 26, 34215
5949 , 124, 34235
5993 , 124, 34255
4896 , 202, 34275
2208 , 30, 34295
1770 , 331, 34316
1745 , 332, 34336
3973 , 168, 34358
3973 , 490, 34379
4559 , 28, 34399
15311 , 28, 34420
10191 , 29, 34441
6372 , 124, 34462
6204 , 124, 34483
9057 , 366, 34504
5985 , 210, 34525
1644 , 337, 34546
1623 , 338, 34567
3971 , 204, 34587
3971 , 206, 34609
3971 , 242, 34631
5839 , 30, 34652
591 , 31, 34675
6383 , 124, 34696
6429 , 124, 34718
2146 , 130, 34740
1506 , 498, 34762
1550 , 345, 34783
1534 , 346, 34805
1521 , 346, 34827
3972 , 38, 34848
3972 , 378, 34870
12751 , 33, 34892
7247 , 32, 34914
6605 , 124, 34935
6650 , 124, 34957
2978 , 358, 34979
5923 , 182, 34999
1485 , 351, 35020
1477 , 352, 35042
1465 , 354, 35063
3971 , 312, 35084
3971 , 214, 35106
3279 , 35, 35128
14287 , 37, 35150
6828 , 124, 35171
6871 , 124, 35193
11555 , 78, 35214
12579 , 406, 35235
15844 , 302, 35257
1445 , 359, 35279
1436 , 0, 35300
3971 , 320, 35323
3971 , 234, 35344
7119 , 40, 35366
1999 , 41, 35387
7042 , 124, 35408
7085 , 124, 35430
7131 , 124, 35451
12644 , 194, 35474
1573 , 14, 35496
1433 , 7, 35519
1434 , 8, 35540
3971 , 496, 35563
3971 , 442, 35584
3023 , 31, 35607
14536 , 25, 35628
7261 , 124, 35650
7303 , 124, 35671
7346 , 124, 35693
4389 , 290, 35715
8677 , 126, 35736
1446 , 12, 35758
1449 , 15, 35779
3971 , 290, 35801
3971 , 244, 35823
8520 , 24, 35844
4175 , 24, 35866
14415 , 24, 35888
7509 , 124, 35910
7552 , 124, 35931
5606 , 378, 35952
8998 , 210, 35974
1469 , 20, 35995
1478 , 20, 36017
3971 , 172, 36039
3971 , 166, 36060
3971 , 158, 36082
8143 , 26, 36104
3151 , 25, 36126
7724 , 124, 36148
7768 , 124, 36171
3943 , 42, 36192
11495 , 366, 36215
1524 , 27, 36236
1542 , 28, 36259
3971 , 166, 36280
3971 , 158, 36302
3971 , 180, 36323
11215 , 0, 36344
8655 , 33, 36366
7945 , 124, 36387
7986 , 124, 36408
8360 , 106, 36430
12968 , 458, 36452
1276 , 32, 36474
1295 , 35, 36496
1310 , 36, 36517
3971 , 266, 36539
3971 , 312, 36559
15183 , 32, 36581
10319 , 31, 36603
8147 , 124, 36624
8192 , 124, 36646
5288 , 182, 36668
12201 , 14, 36689
2985 , 382, 36711
1386 , 40, 36732
1407 , 43, 36754
3971 , 464, 36775
3971 , 8, 36796
2639 , 32, 36818
79 , 32, 36839
8358 , 124, 36861
8403 , 124, 36882
15401 , 302, 36903
9001 , 146, 36924
2345 , 510, 36946
945 , 48, 36967
932 , 48, 36987
3971 , 252, 37008
3971 , 332, 37030
6095 , 0, 37051
975 , 33, 37071
8564 , 124, 37092
8609 , 124, 37114
8649 , 124, 37135
14762 , 278, 37155
10922 , 126, 37175
929 , 55, 37196
941 , 56, 37217
3971 , 178, 37237
3971 , 309, 37258
11727 , 34, 37279
6351 , 33, 37299
847 , 34, 37319
8819 , 124, 37340
8862 , 124, 37360
11755 , 438, 37382
8747 , 274, 37402
1070 , 61, 37422
1050 , 62, 37442
3972 , 275, 37463
3972 , 433, 37483
13903 , 34, 37522
8655 , 35, 37543
8979 , 124, 37564
9023 , 124, 37585
1964 , 194, 37606
684 , 26, 37626
1004 , 66, 37646
989 , 66, 37666
3972 , 423, 37685
3972 , 91, 37705
3972 , 303, 37725
2127 , 36, 37745
13391 , 36, 37764
9186 , 124, 37783
9242 , 124, 37803
9964 , 338, 37822
9280 , 158, 37841
940 , 73, 37859
933 , 73, 37879
921 , 74, 37898
3973 , 107, 37918
3973 , 297, 37936
5455 , 38, 37955
719 , 40, 37975
9603 , 4, 37995
9647 , 124, 38015
6720 , 494, 38034
6144 , 350, 38054
6529 , 78, 38074
891 , 81, 38095
886 , 82, 38115
3971 , 471, 38135
3971 , 415, 38155
10703 , 35, 38176
5711 , 35, 38196
9606 , 124, 38216
9650 , 124, 38237
7617 , 150, 38258
9473 , 482, 38279
9665 , 326, 38300
864 , 86, 38322
860 , 89, 38343
3971 , 15, 38363
3971 , 21, 38384
79 , 36, 38405
11087 , 37, 38426
9815 , 124, 38447
9861 , 124, 38467
9902 , 124, 38487
962 , 186, 38508
2946 , 18, 38528
853 , 94, 38548
852 , 95, 38567
3971 , 57, 38588
3971 , 19, 38608
4815 , 38, 38628
16079 , 38, 38648
11343 , 38, 38668
10069 , 124, 38688
10331 , 124, 38708
13315 , 310, 38728
7939 , 154, 38749
852 , 101, 38770
854 , 102, 38791
3968 , 1, 38812
3972 , 91, 38833
9551 , 36, 38854
4815 , 37, 38875
15695 , 36, 38897
10261 , 124, 38918
10305 , 124, 38939
388 , 482, 38961
4420 , 318, 38983
862 , 106, 39004
865 , 109, 39027
3968 , 1, 39048
3972 , 387, 39070
3971 , 403, 39091
10319 , 32, 39113
4943 , 32, 39135
10475 , 124, 39156
10519 , 124, 39177
6597 , 150, 39198
13765 , 490, 39219
887 , 113, 39240
894 , 114, 39261
901 , 117, 39283
3972 , 363, 39304
3972 , 221, 39326
1231 , 31, 39347
13263 , 30, 39368
10696 , 124, 39390
10740 , 124, 39411
12869 , 490, 39432
8966 , 350, 39454
926 , 121, 39475
937 , 122, 39497
948 , 122, 39519
3972 , 443, 39540
3972 , 483, 39563
7247 , 29, 39584
2255 , 28, 39606
10912 , 124, 39627
10956 , 124, 39648
8454 , 154, 39671
12487 , 14, 39692
3079 , 338, 39714
1000 , 129, 39736
1017 , 130, 39758
3972 , 5, 39779
3972 , 57, 39800
16079 , 29, 39822
10447 , 28, 39844
11141 , 124, 39866
11186 , 124, 39887
11230 , 124, 39908
4807 , 230, 39930
200 , 78, 39951
1089 , 135, 39971
1112 , 136, 39992
3972 , 473, 40014
3972 , 51, 40035
7759 , 30, 40056
2511 , 30, 40078
11368 , 124, 40119
11412 , 124, 40139
3912 , 194, 40160
840 , 46, 40182
1191 , 140, 40204
1220 , 143, 40225
3972 , 383, 40247
3972 , 21, 40268
7119 , 30, 40289
12239 , 30, 40311
6735 , 16, 40331
84 , 124, 40353
128 , 124, 40375
5513 , 22, 40397
3337 , 382, 40418
1332 , 148, 40439
1292 , 149, 40461
3972 , 481, 40483
3972 , 107, 40503
3972 , 301, 40525
9039 , 33, 40547
4303 , 33, 40568
310 , 124, 40589
354 , 124, 40610
12106 , 258, 40631
10378 , 90, 40651
801 , 155, 40671
786 , 156, 40691
779 , 159, 40712
3972 , 201, 40733
3972 , 399, 40754
14543 , 37, 40774
9423 , 36, 40795
522 , 124, 40815
567 , 124, 40835
6539 , 466, 40856
6091 , 302, 40877
770 , 163, 40898
767 , 163, 40919
849 , 164, 40939
3972 , 151, 40959
3972 , 295, 40979
3023 , 37, 40999
14287 , 37, 41018
734 , 124, 41038
779 , 124, 41059
4620 , 114, 41079
4620 , 498, 41100
5132 , 310, 41120
822 , 171, 41141
0 , 178, 41162
3972 , 327, 41183
3972 , 247, 41203
15310 , 0, 41224
15695 , 0, 41245
949 , 124, 41266
996 , 124, 41287
1041 , 124, 41308
6157 , 98, 41330
6925 , 458, 41351
921 , 177, 41373
0 , 185, 41395
3972 , 491, 41416
3972 , 347, 41438
9935 , 63, 41458
4559 , 61, 41479
1163 , 124, 41500
1208 , 124, 41521
1250 , 124, 41542
11085 , 254, 41563
12238 , 98, 41584
1011 , 183, 41606
1065 , 185, 41627
3972 , 452, 41648
3972 , 218, 41670
13775 , 56, 41691
8655 , 56, 41712
3535 , 54, 41734
1410 , 124, 41755
1456 , 124, 41777
2766 , 370, 41799
4302 , 198, 41820
871 , 190, 41843
0 , 198, 41864
3971 , 326, 41886
3971 , 248, 41908
3971 , 150, 41930
14287 , 52, 41951
9167 , 50, 41972
1644 , 124, 41994
1688 , 124, 42015
14735 , 6, 42036
1359 , 350, 42058
1084 , 197, 42079
1089 , 198, 42101
3971 , 44, 42123
3971 , 42, 42145
3971 , 54, 42167
3919 , 48, 42189
15439 , 49, 42211
1852 , 116, 42233
1895 , 124, 42254
15824 , 174, 42276
3792 , 510, 42298
1099 , 203, 42320
1116 , 205, 42341
1132 , 206, 42363
3971 , 10, 42384
3971 , 56, 42406
11215 , 47, 42427
5967 , 47, 42448
2071 , 124, 42470
2114 , 124, 42491
7697 , 334, 42513
13265 , 178, 42535
3473 , 6, 42556
1175 , 211, 42578
1186 , 213, 42599
3971 , 280, 42621
3971 , 372, 42643
591 , 45, 42665
11855 , 44, 42686
2286 , 124, 42708
2330 , 124, 42729
6929 , 450, 42771
15058 , 294, 42792
1230 , 217, 42815
1243 , 218, 42836
3971 , 480, 42858
3972 , 26, 42879
9807 , 45, 42900
4815 , 45, 42921
2447 , 124, 42943
2493 , 124, 42964
2537 , 124, 42986
2898 , 18, 43008
13970 , 378, 43030
1226 , 222, 43051
1183 , 225, 43072
3972 , 364, 43094
3972 , 414, 43115
15055 , 45, 43135
10447 , 45, 43156
5327 , 45, 43179
2709 , 124, 43200
2756 , 124, 43222
3603 , 442, 43243
1875 , 266, 43265
1184 , 229, 43287
1177 , 230, 43307
3972 , 402, 43329
3972 , 62, 43351
3972 , 100, 43373
79 , 44, 43394
11471 , 45, 43415
2927 , 124, 43437
2972 , 124, 43459
15444 , 90, 43480
3860 , 382, 43502
1239 , 237, 43523
1264 , 237, 43545
3972 , 336, 43567
3972 , 406, 43588
3972 , 472, 43609
5711 , 47, 43630
719 , 46, 43651
3149 , 124, 43671
3193 , 124, 43693
12949 , 278, 43715
22 , 170, 43737
1290 , 242, 43759
1269 , 245, 43780
1256 , 246, 43802
3968 , 0, 43823
3968 , 0, 43845
11855 , 43, 43867
7375 , 40, 43889
3354 , 124, 43911
3399 , 124, 43933
5590 , 354, 43955
23 , 294, 43977
23 , 138, 43999
1212 , 250, 44022
1174 , 252, 44043
3975 , 0, 44066
3975 , 114, 44088
15311 , 40, 44110
10575 , 41, 44132
3554 , 124, 44154
3597 , 124, 44176
13398 , 414, 44219
11479 , 250, 44240
1115 , 256, 44263
1081 , 257, 44283
3975 , 326, 44304
3975 , 50, 44326
6479 , 43, 44348
1103 , 44, 44370
3718 , 124, 44391
3759 , 124, 44414
3804 , 124, 44435
10199 , 94, 44456
24 , 30, 44478
1033 , 263, 44500
1026 , 264, 44522
3974 , 208, 44543
3974 , 492, 44565
15055 , 28, 44587
10959 , 28, 44609
5839 , 29, 44631
3965 , 124, 44652
4011 , 124, 44675
15384 , 138, 44697
728 , 510, 44719
992 , 268, 44740
987 , 271, 44762
3974 , 404, 44783
3974 , 306, 44803
3974 , 196, 44823
12879 , 29, 44843
6607 , 31, 44863
4166 , 124, 44884
4213 , 124, 44904
2265 , 286, 44926
4121 , 122, 44946
993 , 275, 44966
975 , 276, 44986
3973 , 368, 45006
3973 , 262, 45027
3909 , 138, 45047
207 , 33, 45068
11215 , 32, 45090
4372 , 124, 45112
4413 , 124, 45133
794 , 366, 45154
4058 , 218, 45175
1005 , 282, 45196
1005 , 283, 45218
1008 , 285, 45240
3973 , 418, 45262
3973 , 378, 45284
4047 , 30, 45306
15567 , 30, 45328
4569 , 124, 45350
4613 , 124, 45372
666 , 474, 45395
5275 , 322, 45417
9307 , 150, 45439
1037 , 290, 45462
1048 , 290, 45483
3973 , 234, 45505
3973 , 224, 45527
8911 , 29, 45548
4687 , 28, 45570
4774 , 124, 45591
4820 , 124, 45614
10395 , 74, 45635
14747 , 426, 45657
4828 , 298, 45679
1090 , 296, 45699
1103 , 297, 45720
3973 , 206, 45742
3973 , 206, 45763
13903 , 27, 45784
8015 , 26, 45806
5004 , 124, 45827
5052 , 100, 45849
5099 , 84, 45871
8604 , 22, 45892
6044 , 386, 45914
1241 , 303, 45935
1265 , 304, 45957
3973 , 298, 45979
3973 , 358, 46000
16207 , 27, 46023
10703 , 27, 46044
5967 , 27, 46067
5251 , 124, 46088
5288 , 124, 46111
12957 , 30, 46133
5149 , 358, 46155
1188 , 309, 46178
1200 , 310, 46199
3973 , 44, 46221
3973 , 112, 46243
975 , 27, 46286
13263 , 27, 46308
5405 , 124, 46330
5447 , 124, 46353
8286 , 262, 46375
11678 , 102, 46397
1214 , 313, 46419
1239 , 314, 46441
3973 , 348, 46463
3973 , 478, 46485
3973 , 434, 46507
5839 , 27, 46528
207 , 27, 46550
5596 , 124, 46570
5646 , 124, 46591
12318 , 390, 46611
8735 , 230, 46631
2100 , 319, 46651
2051 , 320, 46672
2009 , 322, 46694
3973 , 66, 46715
3973 , 186, 46737
8911 , 27, 46759
3663 , 26, 46780
5816 , 124, 46802
5859 , 124, 46824
4447 , 70, 46846
11871 , 454, 46868
10656 , 290, 46890
1840 , 327, 46912
1805 , 328, 46934
3973 , 320, 46956
3973 , 500, 46978
15567 , 27, 47000
10063 , 27, 47022
6027 , 124, 47043
6083 , 124, 47066
12704 , 302, 47087
9376 , 134, 47109
7584 , 502, 47131
1696 , 335, 47152
1673 , 335, 47175
3971 , 396, 47196
3971 , 296, 47218
2255 , 29, 47240
12751 , 28, 47261
6236 , 124, 47283
6281 , 124, 47304
6326 , 124, 47326
14625 , 314, 47348
12577 , 158, 47369
1591 , 340, 47391
1577 , 343, 47413
3971 , 258, 47435
3971 , 386, 47456
5071 , 31, 47477
16335 , 30, 47499
10191 , 31, 47520
6488 , 124, 47542
6531 , 124, 47563
12962 , 406, 47584
14754 , 218, 47605
1518 , 347, 47626
1506 , 348, 47647
3972 , 364, 47668
3972 , 208, 47691
8271 , 32, 47712
2511 , 33, 47733
13647 , 34, 47755
6692 , 124, 47776
6736 , 124, 47797
12003 , 22, 47818
12195 , 366, 47839
1468 , 354, 47860
1462 , 355, 47882
3971 , 242, 47903
3971 , 112, 47925
3971 , 20, 47947
5455 , 36, 47968
15951 , 37, 47990
6898 , 124, 48011
6942 , 124, 48033
4260 , 142, 48055
7588 , 486, 48076
1441 , 1, 48098
1437 , 2, 48119
1435 , 3, 48140
3971 , 198, 48162
3971 , 120, 48183
8911 , 40, 48205
3919 , 42, 48227
7108 , 124, 48248
7152 , 124, 48270
2852 , 238, 48291
5925 , 62, 48312
1433 , 6, 48352
1434 , 9, 48374
3971 , 458, 48395
3971 , 428, 48416
6863 , 25, 48437
2127 , 25, 48458
7276 , 124, 48479
7320 , 124, 48499
11429 , 38, 48519
38 , 78, 48539
38 , 430, 48560
1444 , 14, 48581
1452 , 15, 48602
3971 , 278, 48623
3971 , 220, 48645
15823 , 23, 48666
10831 , 24, 48687
7489 , 124, 48708
7533 , 124, 48729
7576 , 124, 48750
13094 , 54, 48771
8102 , 418, 48792
1476 , 21, 48814
1482 , 22, 48835
3971 , 170, 48857
3971 , 160, 48879
4303 , 26, 48900
15183 , 25, 48922
10703 , 24, 48943
7743 , 124, 48964
7787 , 124, 48986
13031 , 174, 49007
40 , 242, 49028
1528 , 26, 49048
1487 , 29, 49070
3971 , 164, 49091
3971 , 172, 49112
4431 , 0, 49134
719 , 34, 49155
12623 , 28, 49175
7948 , 124, 49196
7992 , 124, 49216
7528 , 130, 49236
11688 , 482, 49256
1281 , 33, 49277
1296 , 34, 49297
3971 , 234, 49318
3971 , 268, 49339
3971 , 308, 49359
3535 , 33, 49380
14671 , 31, 49400
8159 , 124, 49421
8201 , 124, 49443
3560 , 266, 49463
10345 , 106, 49484
1365 , 40, 49506
1393 , 40, 49527
1412 , 43, 49548
3971 , 476, 49570
3971 , 18, 49591
5327 , 32, 49612
3151 , 32, 49634
8362 , 124, 49656
8404 , 124, 49678
13033 , 394, 49699
6889 , 222, 49720
1363 , 47, 49741
943 , 48, 49762
930 , 49, 49783
3971 , 302, 49805
3971 , 374, 49826
11343 , 33, 49847
6863 , 33, 49868
8583 , 124, 49889
8631 , 124, 49908
1322 , 110, 49927
12586 , 458, 49947
8618 , 302, 49968
931 , 54, 49989
950 , 57, 50010
3971 , 220, 50030
3971 , 349, 50051
15567 , 34, 50071
11471 , 34, 50091
8795 , 124, 50112
8833 , 124, 50134
8879 , 124, 50155
10859 , 98, 50176
7979 , 458, 50197
1059 , 61, 50218
1040 , 62, 50239
3972 , 373, 50259
3972 , 7, 50280
4943 , 34, 50301
15567 , 35, 50323
9005 , 124, 50362
9047 , 124, 50383
748 , 446, 50403
16108 , 286, 50424
996 , 67, 50444
980 , 68, 50463
3972 , 13, 50484
3972 , 197, 50504
13391 , 37, 50525
8527 , 36, 50546
3663 , 37, 50567
9212 , 124, 50587
9256 , 124, 50606
8192 , 82, 50625
7360 , 450, 50645
935 , 73, 50665
925 , 74, 50686
3973 , 91, 50707
3973 , 265, 50727
3973 , 467, 50748
13007 , 39, 50769
8527 , 39, 50789
9635 , 4, 50810
9680 , 124, 50831
6592 , 254, 50852
6081 , 86, 50873
891 , 80, 50894
884 , 81, 50915
879 , 109, 50936
2691 , 437, 50957
2947 , 265, 50978
2639 , 34, 50999
14415 , 36, 51019
9852 , 124, 51040
9658 , 124, 51061
9217 , 450, 51083
11009 , 286, 51103
865 , 86, 51124
860 , 89, 51145
857 , 90, 51166
3971 , 25, 51187
3971 , 11, 51208
8399 , 37, 51229
2895 , 39, 51251
9852 , 124, 51273
9894 , 124, 51294
770 , 110, 51315
2626 , 462, 51336
4354 , 298, 51358
853 , 94, 51379
851 , 97, 51399
3971 , 19, 51421
3971 , 481, 51443
13519 , 42, 51466
7758 , 41, 51487
10063 , 124, 51509
10326 , 124, 51531
10370 , 282, 51552
8259 , 126, 51574
1091 , 498, 51595
854 , 102, 51618
854 , 103, 51640
3972 , 79, 51662
3971 , 317, 51683
2255 , 53, 51705
12495 , 55, 51727
10264 , 124, 51749
10309 , 124, 51771
10356 , 124, 51792
5444 , 374, 51814
9604 , 226, 51835
868 , 109, 51856
871 , 110, 51878
3972 , 181, 51899
3971 , 401, 51920
13007 , 65, 51942
8271 , 38, 51963
3151 , 36, 51985
10535 , 124, 52006
10579 , 124, 52027
15365 , 74, 52047
4677 , 418, 52068
895 , 115, 52089
904 , 116, 52110
3972 , 379, 52131
3971 , 317, 52152
3968 , 0, 52173
15055 , 35, 52194
9935 , 34, 52214
10753 , 124, 52234
10797 , 124, 52255
9478 , 370, 52275
7046 , 214, 52296
937 , 122, 52318
949 , 123, 52339
3972 , 455, 52361
3972 , 489, 52382
3972 , 11, 52403
3919 , 33, 52423
16079 , 31, 52444
10967 , 124, 52464
11013 , 124, 52484
11911 , 34, 52505
2823 , 370, 52526
998 , 129, 52546
1013 , 129, 52566
1028 , 130, 52587
3972 , 39, 52607
3972 , 127, 52628
7887 , 30, 52648
2639 , 32, 52668
11176 , 124, 52689
11220 , 124, 52708
6215 , 126, 52727
1927 , 474, 52746
13768 , 326, 52765
1105 , 137, 52786
1124 , 137, 52806
3972 , 23, 52825
3972 , 125, 52846
14671 , 30, 52867
9039 , 30, 52887
11395 , 124, 52907
11439 , 124, 52927
2504 , 350, 52966
16072 , 210, 52987
1197 , 141, 53007
1225 , 143, 53028
3972 , 393, 53049
3972 , 31, 53069
6095 , 33, 53090
6991 , 34, 53110
42 , 124, 53131
85 , 124, 53151
131 , 124, 53171
5065 , 38, 53192
3209 , 426, 53214
1331 , 148, 53234
1297 , 149, 53255
3973 , 45, 53275
3972 , 239, 53295
719 , 0, 53316
5455 , 0, 53337
6863 , 38, 53358
299 , 124, 53379
341 , 124, 53399
12170 , 202, 53419
10762 , 26, 53439
801 , 154, 53459
786 , 157, 53480
3972 , 451, 53501
3972 , 123, 53521
8783 , 76, 53542
3663 , 76, 53563
14927 , 78, 53584
503 , 124, 53605
546 , 124, 53626
6987 , 302, 53647
6283 , 158, 53668
771 , 162, 53690
766 , 163, 53711
3972 , 45, 53732
3972 , 219, 53754
3972 , 295, 53775
12751 , 38, 53795
8015 , 38, 53816
711 , 124, 53838
754 , 124, 53859
5003 , 442, 53880
4428 , 282, 53902
831 , 169, 53923
824 , 169, 53944
816 , 170, 53966
3973 , 183, 53987
3973 , 149, 54008
7360 , 39, 54030
2255 , 0, 54051
920 , 124, 54073
965 , 124, 54095
5708 , 82, 54116
5900 , 458, 54138
6151 , 175, 54159
932 , 176, 54181
911 , 177, 54203
3974 , 457, 54224
3976 , 135, 54247
1103 , 65, 54268
12111 , 62, 54291
1128 , 124, 54312
1171 , 124, 54335
8589 , 154, 54356
9869 , 486, 54378
11085 , 314, 54399
1010 , 183, 54421
1053 , 183, 54443
3977 , 359, 54465
3975 , 473, 54487
5583 , 58, 54508
463 , 56, 54530
1331 , 124, 54551
1372 , 124, 54573
1416 , 124, 54595
910 , 70, 54617
2894 , 418, 54639
1070 , 189, 54660
872 , 190, 54682
3972 , 86, 54703
3972 , 382, 54724
8783 , 53, 54746
3663 , 53, 54767
14927 , 124, 54788
1592 , 124, 54810
1634 , 124, 54831
11663 , 110, 54852
14287 , 490, 54874
1080 , 194, 54895
1083 , 197, 54916
3971 , 60, 54938
3971 , 494, 54960
15823 , 50, 54982
10703 , 49, 55003
5455 , 48, 55024
1813 , 124, 55046
1853 , 100, 55067
11792 , 318, 55088
15632 , 166, 55109
1090 , 202, 55131
1099 , 202, 55153
3971 , 86, 55175
3971 , 308, 55196
3971 , 16, 55219
335 , 46, 55240
11727 , 47, 55262
2025 , 124, 55284
2070 , 124, 55306
1232 , 458, 55328
6673 , 290, 55350
1149 , 209, 55371
1158 , 210, 55392
1172 , 106, 55415
3971 , 178, 55436
3971 , 244, 55458
6095 , 45, 55479
1487 , 45, 55502
2243 , 124, 55524
2284 , 124, 55546
15057 , 74, 55567
6481 , 438, 55589
1208 , 214, 55611
1224 , 216, 55633
1241 , 217, 55655
3971 , 144, 55678
3971 , 38, 55699
9295 , 45, 55720
4431 , 45, 55742
2447 , 124, 55763
2493 , 124, 55785
15634 , 158, 55807
3090 , 2, 55828
14162 , 362, 55851
1235 , 223, 55872
1190 , 224, 55893
3968 , 0, 55915
3968 , 0, 55936
13007 , 45, 55958
8015 , 45, 55979
2654 , 124, 56000
2699 , 124, 56022
2743 , 124, 56043
4435 , 326, 56064
2515 , 170, 56085
1171 , 228, 56106
1199 , 231, 56127
3977 , 428, 56148
3977 , 112, 56169
335 , 44, 56190
11343 , 44, 56211
2866 , 124, 56231
2912 , 124, 56252
2955 , 124, 56273
15892 , 490, 56295
4692 , 302, 56316
1235 , 235, 56339
1261 , 236, 56360
3972 , 2, 56383
3972 , 102, 56405
4047 , 46, 56427
15311 , 46, 56448
9807 , 47, 56470
3118 , 124, 56492
3159 , 124, 56514
13653 , 50, 56535
12501 , 382, 56558
1394 , 242, 56579
1500 , 243, 56601
3968 , 0, 56623
3968 , 0, 56645
3976 , 317, 56667
3663 , 46, 56689
15823 , 42, 56711
3327 , 124, 56734
3370 , 124, 56755
8214 , 150, 56778
23 , 106, 56800
1813 , 249, 56822
2130 , 249, 56844
3976 , 8, 56887
3975 , 188, 56909
13775 , 40, 56931
8399 , 41, 56953
3487 , 124, 56975
3529 , 124, 56997
7062 , 382, 57019
13206 , 238, 57042
2097 , 253, 57064
2481 , 255, 57087
983 , 256, 57109
3975 , 420, 57132
3975 , 144, 57154
719 , 43, 57177
11599 , 43, 57199
3690 , 124, 57222
3736 , 124, 57244
9815 , 506, 57267
10839 , 350, 57290
11095 , 270, 57312
929 , 262, 57335
920 , 263, 57358
3974 , 294, 57380
3974 , 90, 57403
9807 , 29, 57426
4687 , 28, 57448
3899 , 124, 57471
3941 , 124, 57494
14552 , 142, 57536
15320 , 482, 57558
894 , 267, 57580
893 , 268, 57603
3974 , 84, 57626
3974 , 438, 57648
6223 , 29, 57671
1487 , 28, 57693
4075 , 124, 57736
4118 , 124, 57758
2457 , 42, 57780
25 , 382, 57803
887 , 272, 57824
889 , 275, 57846
3974 , 62, 57867
3973 , 420, 57888
335 , 35, 57910
11983 , 33, 57931
6351 , 32, 57953
4288 , 124, 57975
4329 , 124, 57996
12057 , 202, 58018
13594 , 50, 58040
916 , 279, 58063
926 , 280, 58085
3973 , 84, 58107
3973 , 32, 58128
3973 , 470, 58151
1359 , 30, 58172
13007 , 31, 58195
4500 , 124, 58216
4542 , 124, 58239
9818 , 370, 58261
13594 , 198, 58283
958 , 286, 58305
967 , 287, 58327
965 , 350, 58350
3973 , 282, 58372
3973 , 252, 58394
6991 , 28, 58416
1999 , 29, 58438
4708 , 124, 58459
4750 , 124, 58481
14299 , 6, 58503
283 , 370, 58524
834 , 292, 58546
837 , 295, 58568
849 , 296, 58590
3973 , 198, 58612
3973 , 202, 58634
13903 , 27, 58655
8271 , 27, 58677
4941 , 124, 58699
4987 , 76, 58720
10396 , 206, 58742
15964 , 18, 58764
5212 , 354, 58786
935 , 301, 58807
933 , 302, 58829
3973 , 270, 58851
3973 , 330, 58872
16079 , 26, 58893
11599 , 27, 58915
5149 , 76, 58936
5192 , 124, 58959
5213 , 258, 58980
2205 , 82, 59003
4893 , 438, 59024
1255 , 307, 59046
1232 , 308, 59067
3973 , 450, 59088
3973 , 34, 59110
1615 , 27, 59131
12879 , 27, 59154
5340 , 124, 59175
5387 , 124, 59197
5428 , 124, 59219
10590 , 90, 59240
4574 , 418, 59262
1259 , 312, 59283
1302 , 314, 59305
3973 , 304, 59327
3973 , 404, 59349
3151 , 27, 59371
15567 , 27, 59394
9935 , 27, 59415
5579 , 124, 59437
5629 , 124, 59459
10590 , 174, 59481
11806 , 498, 59503
2132 , 318, 59525
2077 , 320, 59547
3973 , 86, 59570
3972 , 482, 59591
3983 , 27, 59614
1487 , 27, 59636
12623 , 26, 59659
5778 , 124, 59681
5826 , 124, 59703
12447 , 394, 59726
4959 , 234, 59748
1915 , 324, 59770
1872 , 327, 59792
3973 , 482, 59814
3973 , 154, 59835
3973 , 332, 59856
3535 , 27, 59878
15055 , 27, 59900
5985 , 124, 59921
6029 , 124, 59942
7904 , 490, 59963
3296 , 358, 59983
1752 , 331, 60003
1722 , 332, 60024
1692 , 335, 60044
3973 , 256, 60066
3971 , 398, 60087
4687 , 29, 60108
16207 , 29, 60130
6399 , 124, 60151
6229 , 124, 60172
14433 , 86, 60194
11873 , 454, 60215
9826 , 338, 60236
1612 , 339, 60258
1592 , 340, 60279
3971 , 216, 60300
3971 , 264, 60322
9295 , 30, 60343
3407 , 31, 60364
6397 , 124, 60386
6442 , 124, 60408
9890 , 282, 60431
9506 , 126, 60452
10402 , 454, 60474
1532 , 346, 60495
1517 , 347, 60517
3972 , 12, 60539
3972 , 352, 60561
13775 , 33, 60583
7759 , 32, 60606
6606 , 124, 60628
6649 , 124, 60650
6692 , 124, 60672
14435 , 194, 60694
547 , 46, 60715
1476 , 352, 60737
1464 , 354, 60759
3971 , 336, 60780
3971 , 224, 60803
79 , 35, 60824
11087 , 36, 60846
5465 , 124, 60867
6850 , 124, 60889
6895 , 124, 60911
6435 , 258, 60933
9956 , 78, 60955
1446 , 358, 60977
1440 , 1, 60999
3971 , 374, 61020
3971 , 308, 61042
207 , 39, 61064
11599 , 40, 61086
5839 , 40, 61108
7049 , 124, 61131
7095 , 124, 61153
13156 , 302, 61175
36 , 130, 61196
1433 , 5, 61218
1434 , 7, 61239
3971 , 24, 61262
3971 , 478, 61283
3971 , 442, 61305
3023 , 31, 61327
14792 , 25, 61349
7256 , 124, 61371
7299 , 124, 61393
15781 , 394, 61415
101 , 222, 61438
1437 , 11, 61460
1438 , 12, 61482
1411 , 312, 61503
3971 , 290, 61525
3971 , 232, 61547
7624 , 24, 61568
2511 , 24, 61590
7462 , 124, 61611
7503 , 124, 61631
12006 , 22, 61652
39 , 502, 61673
1460 , 18, 61693
1468 , 19, 61714
1476 , 20, 61734
3971 , 170, 61755
3971 , 168, 61776
12367 , 26, 61798
7887 , 26, 61819
7675 , 124, 61841
7715 , 124, 61862
11815 , 126, 61883
1447 , 470, 61904
40 , 22, 61925
1519 , 26, 61947
1532 , 27, 61968
3971 , 152, 61990
3971 , 166, 62012
2511 , 0, 62034
7631 , 0, 62055
7886 , 124, 62075
7930 , 124, 62096
7978 , 98, 62118
12839 , 458, 62139
2472 , 302, 62160
1269 , 33, 62182
1282 , 34, 62203
3971 , 214, 62223
3971 , 248, 62244
4175 , 0, 62265
9551 , 0, 62286
8090 , 124, 62307
8133 , 124, 62327
8178 , 124, 62348
8360 , 26, 62369
14568 , 390, 62390
1347 , 38, 62410
1370 , 41, 62430
3971 , 382, 62451
3971 , 444, 62471
2511 , 32, 62492
13647 , 32, 62513
9167 , 32, 62534
8342 , 124, 62555
8388 , 124, 62576
745 , 194, 62597
10921 , 26, 62618
1393 , 45, 62639
1361 , 47, 62660
3971 , 130, 62682
3971 , 216, 62703
3971 , 0, 62725
16335 , 0, 62747
11727 , 33, 62768
8546 , 124, 62790
8589 , 124, 62811
6250 , 258, 62832
1322 , 114, 62854
922 , 52, 62876
926 , 53, 62898
3971 , 12, 62920
3971 , 118, 62942
3971 , 218, 62963
2383 , 34, 62985
13135 , 34, 63007
8742 , 124, 63027
8790 , 124, 63049
2795 , 310, 63071
15019 , 158, 63092
1108 , 58, 63113
1087 , 59, 63134
1067 , 60, 63155
3972 , 161, 63176
3972 , 285, 63197
3151 , 34, 63218
14031 , 34, 63239
8939 , 124, 63260
8986 , 124, 63281
3883 , 394, 63302
1708 , 230, 63323
44 , 75, 63344
1003 , 66, 63366
988 , 67, 63387
3972 , 435, 63408
3972 , 129, 63430
7247 , 37, 63451
2255 , 36, 63471
9144 , 124, 63491
9191 , 124, 63512
11948 , 10, 63533
10668 , 374, 63554
9280 , 202, 63576
940 , 73, 63598
931 , 74, 63620
3972 , 425, 63642
3973 , 119, 63663
10447 , 39, 63684
5071 , 38, 63706
9343 , 124, 63727
9386 , 124, 63748
9432 , 124, 63770
6400 , 442, 63791
6592 , 286, 63813
897 , 78, 63834
891 , 81, 63855
3972 , 461, 63877
3971 , 131, 63899
14031 , 36, 63920
9295 , 36, 63942
3151 , 34, 63963
9593 , 124, 63984
9637 , 124, 64004
7361 , 506, 64025
9025 , 362, 64046
871 , 84, 64067
867 , 87, 64088
2179 , 101, 64109
3971 , 21, 64130
463 , 36, 64170
11983 , 37, 64190
9763 , 124, 64210
9804 , 124, 64231
12674 , 350, 64251
15234 , 178, 64272
855 , 91, 64294
854 , 92, 64315
3970 , 505, 64336
3971 , 145, 64357
3971 , 81, 64378
8911 , 36, 64399
4047 , 35, 64420
10193 , 4, 64441
10237 , 4, 64463
7811 , 70, 64484
9859 , 422, 64506
850 , 97, 64527
852 , 98, 64548
852 , 101, 64569
128 , 1, 64591
3968 , 1, 64612
1359 , 33, 64634
13263 , 32, 64656
10183 , 124, 64678
10228 , 124, 64699
11587 , 378, 64720
13956 , 226, 64742
856 , 105, 64763
859 , 106, 64785
862 , 107, 64807
3971 , 137, 64829
3972 , 11, 64851
10319 , 31, 64872
4559 , 31, 64895
10408 , 124, 64916
10452 , 124, 64939
15364 , 98, 64960
4548 , 458, 64983
10117 , 274, 65004
885 , 113, 65026
889 , 114, 65048
3972 , 345, 65069
3972 , 335, 65091
719 , 31, 65112
12111 , 30, 65134
10628 , 124, 65155
10671 , 124, 65177
10717 , 124, 65199
5573 , 154, 65220
12038 , 126, 65242
920 , 119, 65263
930 , 120, 65285
3968 , 1, 65307
3972 , 425, 65328
5583 , 28, 65351
1615 , 29, 65372
10840 , 124, 65394
10883 , 124, 65415
10928 , 124, 65435
7686 , 398, 65457
9030 , 246, 65479
972 , 126, 65500
986 , 127, 65523
3972 , 33, 10
3972 , 79, 32
11343 , 26, 54
5711 , 27, 75
79 , 27, 96
11096 , 124, 117
11139 , 124, 139
14663 , 498, 160
10183 , 362, 183
1046 , 133, 204
1064 , 134, 227
3972 , 309, 248
3972 , 381, 270
3972 , 429, 292
9295 , 26, 314
2895 , 26, 335
11304 , 124, 358
11347 , 124, 379
9864 , 174, 402
6408 , 510, 423
1148 , 138, 446
1174 , 141, 467
1156 , 221, 490
3972 , 305, 512
3972 , 421, 535
13263 , 29, 556
8399 , 27, 578
11513 , 124, 600
37 , 124, 623
10633 , 286, 645
8201 , 126, 667
1280 , 144, 690
1307 , 147, 713
1323 , 147, 735
3972 , 405, 758
3973 , 43, 780
14415 , 28, 803
9039 , 28, 825
192 , 124, 847
237 , 124, 870
457 , 366, 892
14538 , 230, 915
13002 , 58, 936
825 , 153, 959
820 , 154, 982
3972 , 415, 1004
3972 , 419, 1026
2767 , 29, 1048
13775 , 29, 1070
398 , 124, 1091
441 , 124, 1113
458 , 490, 1135
8522 , 334, 1158
7243 , 166, 1179
766 , 160, 1202
770 , 161, 1223
3972 , 263, 1246
3972 , 479, 1267
6223 , 30, 1288
847 , 31, 1309
605 , 124, 1331
649 , 124, 1352
693 , 124, 1373
5387 , 466, 1395
5195 , 302, 1416
840 , 167, 1437
833 , 168, 1459
3972 , 235, 1480
3972 , 391, 1502
8396 , 39, 1524
10062 , 39, 1546
4815 , 0, 1567
859 , 124, 1588
901 , 124, 1611
5196 , 42, 1632
5196 , 406, 1653
0 , 178, 1675
0 , 181, 1696
3972 , 503, 1716
3972 , 433, 1735
3972 , 69, 1755
1103 , 67, 1775
12495 , 64, 1794
1068 , 124, 1814
1111 , 124, 1834
7053 , 134, 1855
8717 , 474, 1876
915 , 178, 1897
1024 , 180, 1917
3972 , 277, 1937
3972 , 209, 1957
3972 , 261, 1976
4943 , 60, 1996
16207 , 59, 2017
1266 , 124, 2038
1309 , 124, 2058
12686 , 186, 2079
14222 , 30, 2099
1068 , 184, 2120
1069 , 187, 2140
1066 , 188, 2160
3971 , 428, 2181
3971 , 352, 2202
9551 , 55, 2223
4303 , 53, 2244
1475 , 124, 2266
1537 , 124, 2287
5582 , 314, 2307
7759 , 142, 2327
10703 , 198, 2347
0 , 199, 2367
1078 , 195, 2388
3971 , 100, 2408
3971 , 16, 2428
12623 , 50, 2449
7247 , 50, 2469
1698 , 124, 2490
1740 , 124, 2510
2063 , 426, 2548
5519 , 258, 2568
1089 , 198, 2589
1096 , 199, 2609
3971 , 62, 2629
3971 , 458, 2650
7119 , 49, 2670
2255 , 48, 2690
1863 , 124, 2710
1907 , 124, 2730
1949 , 124, 2751
4688 , 82, 2771
8848 , 422, 2792
1121 , 205, 2813
1132 , 206, 2834
3971 , 414, 2855
3971 , 428, 2875
10319 , 47, 2897
5199 , 46, 2918
207 , 46, 2939
2109 , 124, 2961
2152 , 124, 2983
11665 , 86, 3004
2129 , 422, 3024
1172 , 210, 3045
1183 , 212, 3066
3971 , 32, 3087
3971 , 494, 3108
11215 , 45, 3129
6223 , 44, 3150
1103 , 44, 3171
2305 , 124, 3191
2350 , 124, 3212
10962 , 90, 3233
2386 , 434, 3255
1236 , 216, 3276
1252 , 219, 3297
3971 , 34, 3319
3971 , 64, 3340
3971 , 100, 3362
8911 , 45, 3383
3151 , 45, 3404
2515 , 124, 3426
2556 , 124, 3447
210 , 226, 3468
12051 , 74, 3490
1202 , 223, 3511
1166 , 224, 3533
1127 , 227, 3555
3971 , 278, 3576
3971 , 346, 3598
13263 , 45, 3619
7887 , 45, 3641
2721 , 124, 3663
2763 , 124, 3684
3603 , 454, 3706
787 , 338, 3727
1183 , 230, 3748
1179 , 230, 3770
1193 , 233, 3791
3971 , 128, 3813
3971 , 292, 3834
15311 , 44, 3855
9679 , 45, 3876
2924 , 124, 3898
2966 , 124, 3919
15764 , 70, 3940
4628 , 350, 3962
1940 , 202, 3983
1289 , 237, 4005
1247 , 238, 4027
3972 , 316, 4048
3972 , 44, 4069
1743 , 46, 4089
12495 , 47, 4110
3123 , 124, 4130
3166 , 124, 4151
3209 , 124, 4172
12565 , 462, 4194
22 , 342, 4216
1187 , 244, 4238
1169 , 244, 4259
3968 , 0, 4281
3976 , 132, 4303
6863 , 44, 4325
2255 , 42, 4347
13380 , 124, 4369
3376 , 124, 4391
3419 , 124, 4413
23 , 166, 4435
23 , 10, 4456
2136 , 250, 4479
1130 , 252, 4500
3975 , 22, 4523
3975 , 162, 4544
13007 , 41, 4565
7887 , 40, 4586
3151 , 42, 4606
3593 , 124, 4627
3633 , 124, 4648
10775 , 186, 4670
11927 , 22, 4691
1079 , 256, 4713
1065 , 259, 4735
3975 , 64, 4755
3974 , 332, 4776
3974 , 90, 4798
11855 , 45, 4819
6991 , 43, 4840
3792 , 124, 4862
3837 , 124, 4884
24 , 434, 4906
24 , 270, 4928
1029 , 263, 4950
1016 , 264, 4971
966 , 90, 4994
3974 , 370, 5015
3974 , 262, 5037
463 , 29, 5059
11599 , 29, 5080
3982 , 124, 5103
4027 , 124, 5123
16152 , 294, 5144
728 , 118, 5166
998 , 269, 5187
924 , 270, 5208
896 , 273, 5230
3974 , 268, 5251
3974 , 102, 5272
5440 , 29, 5293
11087 , 0, 5314
4178 , 124, 5335
4227 , 124, 5355
2905 , 362, 5376
6681 , 218, 5397
10713 , 46, 5419
885 , 277, 5439
887 , 279, 5460
3909 , 254, 5481
3973 , 138, 5502
2127 , 33, 5522
14031 , 32, 5543
4377 , 124, 5564
4422 , 124, 5585
4466 , 422, 5607
4890 , 262, 5628
7962 , 90, 5649
905 , 283, 5670
888 , 284, 5691
3973 , 424, 5712
3973 , 380, 5734
6991 , 30, 5755
2127 , 29, 5777
4581 , 124, 5799
4623 , 124, 5820
4667 , 124, 5842
5531 , 378, 5863
10779 , 218, 5884
889 , 290, 5906
888 , 291, 5928
3973 , 236, 5950
3973 , 224, 5971
10447 , 29, 5993
5071 , 28, 6015
591 , 28, 6036
4826 , 124, 6058
4868 , 124, 6079
12763 , 494, 6101
3356 , 370, 6123
903 , 297, 6146
904 , 298, 6167
3973 , 210, 6189
3973 , 216, 6211
3973 , 231, 6232
9679 , 26, 6254
3663 , 26, 6276
5059 , 92, 6298
5103 , 76, 6320
9052 , 90, 6343
6492 , 430, 6365
935 , 302, 6387
952 , 305, 6410
3973 , 340, 6452
3973 , 362, 6475
1359 , 27, 6498
12239 , 27, 6520
5216 , 124, 6543
5261 , 124, 6565
8477 , 322, 6587
349 , 162, 6610
1035 , 308, 6632
1120 , 308, 6655
1172 , 311, 6678
3973 , 92, 6700
3973 , 148, 6723
5327 , 27, 6745
79 , 27, 6767
5417 , 124, 6790
5464 , 124, 6813
11230 , 414, 6835
12126 , 266, 6858
31 , 298, 6880
0 , 323, 6903
0 , 323, 6925
3973 , 470, 6947
3973 , 196, 6970
8783 , 27, 6992
3407 , 27, 7015
5607 , 124, 7037
5661 , 124, 7059
31 , 198, 7082
8351 , 234, 7104
6559 , 58, 7127
2040 , 321, 7149
1992 , 323, 7172
3973 , 70, 7195
3973 , 184, 7217
9423 , 26, 7239
4175 , 26, 7261
5805 , 124, 7283
5852 , 124, 7306
5892 , 124, 7328
15391 , 362, 7351
9184 , 210, 7373
1847 , 327, 7395
1817 , 329, 7417
3973 , 212, 7439
3973 , 462, 7461
10831 , 27, 7483
5711 , 27, 7506
79 , 28, 7528
6052 , 124, 7551
6103 , 124, 7574
13088 , 438, 7595
11296 , 262, 7617
1710 , 333, 7639
1682 , 334, 7662
3973 , 112, 7684
3971 , 330, 7706
11215 , 29, 7728
5199 , 28, 7751
847 , 28, 7772
6246 , 124, 7793
6291 , 124, 7815
10849 , 10, 7837
5345 , 374, 7859
1608 , 340, 7882
1585 , 341, 7904
3971 , 246, 7927
3971 , 282, 7948
3971 , 428, 7970
8399 , 31, 7992
4047 , 30, 8015
6458 , 124, 8037
6503 , 124, 8059
9122 , 226, 8082
9762 , 38, 8104
1524 , 347, 8126
1518 , 348, 8148
1504 , 349, 8171
3972 , 318, 8193
3972 , 164, 8215
12239 , 32, 8238
6607 , 33, 8260
6665 , 124, 8283
6708 , 124, 8305
13923 , 330, 8327
10659 , 150, 8350
1476 , 352, 8371
1465 , 355, 8394
1459 , 356, 8416
3971 , 180, 8439
3971 , 66, 8462
79 , 37, 8484
10831 , 37, 8507
6880 , 124, 8529
6924 , 124, 8551
15460 , 30, 8574
164 , 358, 8596
15908 , 222, 8619
1437 , 1, 8641
1439 , 2, 8663
3971 , 240, 8685
3971 , 152, 8707
5327 , 40, 8728
1103 , 41, 8751
7101 , 124, 8773
7145 , 124, 8795
7192 , 124, 8817
12901 , 90, 8839
14885 , 454, 8860
1433 , 9, 8883
1436 , 10, 8904
3971 , 432, 8927
3971 , 372, 8948
3535 , 25, 8971
15820 , 24, 8993
10717 , 124, 9015
7368 , 124, 9036
7410 , 124, 9059
3045 , 346, 9080
4966 , 186, 9103
1452 , 15, 9125
1454 , 16, 9147
3971 , 214, 9170
3971 , 188, 9191
11471 , 24, 9213
6862 , 23, 9235
719 , 24, 9257
7589 , 124, 9279
7634 , 124, 9302
14630 , 10, 9323
6886 , 362, 9346
1485 , 23, 9368
1497 , 23, 9390
3971 , 150, 9412
3971 , 148, 9434
3971 , 148, 9455
14671 , 25, 9476
10816 , 25, 9498
7816 , 124, 9519
7860 , 124, 9540
40 , 426, 9562
40 , 266, 9583
1441 , 28, 9605
1354 , 31, 9627
1283 , 180, 9648
3971 , 188, 9670
3971 , 214, 9691
6223 , 29, 9712
1615 , 0, 9734
8038 , 124, 9755
8079 , 124, 9778
616 , 282, 9799
5224 , 134, 9822
1308 , 36, 9864
1327 , 37, 9886
3971 , 298, 9907
3971 , 352, 9930
12239 , 31, 9951
6479 , 31, 9974
8201 , 124, 9996
8246 , 124, 10018
10857 , 90, 10040
1961 , 434, 10062
10793 , 286, 10083
1411 , 43, 10105
1434 , 44, 10127
3971 , 26, 10148
3971 , 86, 10170
3407 , 32, 10191
1359 , 26, 10212
8416 , 124, 10234
8460 , 124, 10255
8502 , 124, 10278
682 , 94, 10299
11178 , 442, 10321
928 , 49, 10343
920 , 50, 10365
3971 , 354, 10387
3971 , 460, 10409
3023 , 33, 10431
14287 , 33, 10452
8617 , 124, 10475
8664 , 124, 10497
8706 , 124, 10519
10282 , 166, 10542
6251 , 10, 10564
942 , 56, 10587
975 , 56, 10609
3971 , 323, 10631
3971 , 453, 10654
8015 , 34, 10676
3407 , 34, 10698
14671 , 35, 10721
8872 , 124, 10743
8917 , 124, 10766
8747 , 326, 10788
4971 , 186, 10811
1046 , 63, 10833
1029 , 64, 10855
3972 , 485, 10878
3972 , 149, 10900
3972 , 315, 10922
7119 , 36, 10944
1871 , 37, 10966
9087 , 124, 10987
9129 , 124, 11009
13420 , 26, 11031
12076 , 374, 11053
968 , 69, 11075
957 , 71, 11096
3972 , 423, 11117
3972 , 145, 11138
3972 , 399, 11160
14543 , 38, 11182
9039 , 39, 11203
9309 , 124, 11225
9350 , 124, 11247
7040 , 282, 11270
6848 , 126, 11292
916 , 77, 11315
906 , 77, 11336
896 , 78, 11359
3973 , 89, 11381
3972 , 437, 11403
4687 , 38, 11425
16207 , 37, 11447
9517 , 124, 11469
9566 , 124, 11491
6657 , 458, 11512
6721 , 290, 11534
7361 , 126, 11556
872 , 84, 11578
870 , 85, 11599
2691 , 127, 11620
1667 , 89, 11642
8015 , 37, 11662
2639 , 37, 11683
9732 , 124, 11705
9772 , 124, 11727
11458 , 62, 11748
12674 , 390, 11770
14146 , 242, 11792
855 , 91, 11814
854 , 92, 11835
3970 , 493, 11856
3971 , 123, 11878
9935 , 39, 11900
5199 , 39, 11922
9922 , 124, 11944
9966 , 124, 11966
10010 , 124, 11987
6530 , 510, 12009
9411 , 338, 12031
850 , 96, 12052
851 , 99, 12075
3971 , 427, 12096
131 , 389, 12118
15567 , 36, 12139
10575 , 35, 12161
4815 , 34, 12182
10387 , 124, 12203
10196 , 124, 12224
11011 , 102, 12246
7235 , 470, 12267
855 , 103, 12288
856 , 104, 12309
3971 , 299, 12330
3971 , 127, 12350
3983 , 33, 12370
12879 , 32, 12391
8143 , 32, 12411
10357 , 124, 12432
10400 , 124, 12452
8388 , 202, 12472
14020 , 38, 12493
870 , 110, 12513
874 , 110, 12534
3971 , 405, 12554
3972 , 187, 12574
3972 , 391, 12594
15311 , 31, 12615
9295 , 31, 12635
10553 , 124, 12655
10598 , 124, 12675
1029 , 202, 12695
6789 , 46, 12715
897 , 116, 12736
905 , 116, 12756
912 , 119, 12777
3971 , 317, 12797
3968 , 1, 12818
2383 , 29, 12839
13775 , 28, 12859
10762 , 124, 12879
10806 , 124, 12899
8326 , 486, 12919
6598 , 322, 12940
6831 , 123, 12960
951 , 123, 12980
965 , 124, 13001
3972 , 485, 13022
3972 , 7, 13042
9423 , 27, 13062
4303 , 27, 13083
10978 , 124, 13103
11020 , 124, 13124
13959 , 150, 13144
8327 , 494, 13165
3271 , 278, 13186
1019 , 130, 13207
1038 , 131, 13227
3972 , 89, 13248
3972 , 207, 13269
14799 , 28, 13290
9167 , 27, 13311
11192 , 124, 13332
11236 , 122, 13354
11282 , 124, 13376
8 , 106, 13398
12104 , 446, 13419
1111 , 137, 13441
1132 , 138, 13463
3972 , 55, 13485
3972 , 183, 13507
79 , 28, 13528
11087 , 29, 13550
5839 , 124, 13571
11440 , 124, 13591
11483 , 124, 13612
16072 , 202, 13634
12873 , 34, 13655
1227 , 142, 13675
1262 , 144, 13696
3972 , 35, 13718
3972 , 169, 13739
3023 , 28, 13759
13903 , 28, 13779
10703 , 28, 13800
125 , 124, 13821
169 , 124, 13843
3401 , 294, 13863
1289 , 134, 13884
1338 , 148, 13906
1280 , 151, 13927
3972 , 339, 13948
3972 , 465, 13969
3972 , 167, 13991
1103 , 26, 14012
12111 , 27, 14034
327 , 124, 14055
372 , 124, 14076
11786 , 450, 14099
10058 , 302, 14120
806 , 157, 14142
778 , 157, 14164
774 , 117, 14186
3972 , 293, 14208
3972 , 225, 14230
6735 , 28, 14252
335 , 29, 14274
545 , 124, 14295
588 , 124, 14317
6219 , 142, 14339
5963 , 498, 14360
767 , 162, 14402
768 , 165, 14423
3972 , 303, 14446
3972 , 331, 14467
14415 , 36, 14488
8399 , 37, 14510
711 , 124, 14531
755 , 124, 14552
4875 , 466, 14573
4172 , 310, 14595
5196 , 138, 14617
824 , 169, 14639
816 , 170, 14661
3972 , 343, 14683
3972 , 131, 14704
8525 , 38, 14727
3407 , 0, 14748
920 , 124, 14770
967 , 124, 14792
1011 , 124, 14815
5964 , 394, 14837
6093 , 242, 14859
939 , 176, 14880
915 , 177, 14902
3972 , 455, 14923
3972 , 363, 14944
335 , 65, 14967
11343 , 62, 14989
1128 , 124, 15011
1173 , 124, 15034
1217 , 124, 15056
9997 , 482, 15079
11085 , 326, 15101
1010 , 182, 15123
1044 , 183, 15145
3971 , 451, 15167
3971 , 346, 15188
4431 , 58, 15211
16079 , 56, 15232
10831 , 56, 15255
1372 , 124, 15276
1417 , 124, 15298
1102 , 62, 15320
2894 , 426, 15342
1072 , 189, 15364
872 , 191, 15387
3971 , 416, 15409
3971 , 340, 15431
3971 , 272, 15453
4943 , 53, 15475
16335 , 51, 15498
1602 , 124, 15520
1647 , 124, 15542
12303 , 210, 15564
15503 , 54, 15587
1082 , 195, 15609
1085 , 197, 15631
3971 , 158, 15654
3971 , 104, 15676
3971 , 86, 15698
9551 , 49, 15720
4047 , 48, 15743
1806 , 124, 15765
1848 , 124, 15787
10960 , 270, 15810
14864 , 126, 15832
1090 , 201, 15855
1097 , 202, 15876
1106 , 205, 15899
3971 , 122, 15921
3971 , 146, 15943
13903 , 46, 15966
8911 , 47, 15988
2010 , 124, 16010
2053 , 124, 16032
16080 , 378, 16055
5777 , 206, 16076
11089 , 38, 16099
1156 , 209, 16120
1172 , 210, 16143
3971 , 404, 16164
3971 , 408, 16187
1999 , 45, 16210
13391 , 45, 16231
2222 , 124, 16254
2268 , 124, 16275
12753 , 466, 16298
3153 , 302, 16319
11922 , 122, 16342
1222 , 216, 16364
1238 , 217, 16386
3971 , 72, 16408
3970 , 464, 16430
7887 , 44, 16451
3023 , 45, 16473
2439 , 124, 16495
2482 , 124, 16516
2526 , 124, 16538
4434 , 434, 16560
15442 , 286, 16581
1242 , 223, 16602
1198 , 224, 16623
3968 , 0, 16644
3971 , 242, 16666
11471 , 45, 16687
6223 , 45, 16708
975 , 45, 16729
2690 , 124, 16751
2735 , 124, 16771
4755 , 234, 16792
2707 , 82, 16814
1168 , 228, 16835
1184 , 231, 16855
3971 , 400, 16877
3972 , 38, 16899
3983 , 44, 16920
9551 , 44, 16941
3919 , 44, 16962
2892 , 124, 16983
2941 , 124, 17003
20 , 302, 17024
15828 , 166, 17044
1242 , 234, 17066
1240 , 237, 17088
3972 , 290, 17109
3972 , 420, 17130
3972 , 434, 17151
8911 , 46, 17171
3279 , 47, 17192
3088 , 124, 17212
3131 , 124, 17234
14997 , 326, 17255
13909 , 146, 17276
1245 , 240, 17298
1219 , 243, 17319
1196 , 244, 17340
2948 , 362, 17362
3968 , 0, 17383
9551 , 47, 17403
5327 , 45, 17425
3286 , 124, 17447
3330 , 124, 17467
2837 , 218, 17488
8726 , 90, 17509
3647 , 246, 17530
1151 , 249, 17551
1120 , 250, 17571
3976 , 110, 17592
3975 , 230, 17613
12111 , 40, 17634
7247 , 41, 17655
3482 , 124, 17676
3524 , 124, 17697
13270 , 322, 17719
13398 , 186, 17739
11094 , 502, 17761
1023 , 254, 17783
999 , 257, 17804
3975 , 24, 17826
3975 , 298, 17847
14031 , 43, 17869
8655 , 43, 17891
3680 , 124, 17912
3726 , 124, 17934
3768 , 124, 17956
11735 , 250, 17979
10519 , 174, 18000
962 , 261, 18022
953 , 262, 18044
3974 , 376, 18065
3974 , 148, 18086
4943 , 42, 18107
79 , 28, 18129
11855 , 124, 18151
3931 , 124, 18171
3975 , 124, 18193
14104 , 402, 18214
16216 , 238, 18235
931 , 269, 18256
925 , 269, 18278
3974 , 32, 18300
3974 , 382, 18322
10319 , 29, 18343
4431 , 28, 18365
15179 , 29, 18387
4136 , 124, 18408
4178 , 124, 18430
665 , 46, 18451
3097 , 382, 18474
927 , 274, 18495
929 , 276, 18518
3973 , 402, 18539
3973 , 304, 18561
3909 , 194, 18583
9423 , 32, 18605
5071 , 32, 18627
4345 , 124, 18649
4389 , 124, 18671
15322 , 150, 18692
1498 , 6, 18714
955 , 280, 18735
966 , 283, 18758
967 , 32, 18779
3973 , 474, 18801
3973 , 410, 18823
13391 , 31, 18845
8271 , 30, 18867
4542 , 124, 18888
4587 , 124, 18910
14170 , 234, 18932
1883 , 62, 18953
0 , 294, 18975
601 , 290, 18996
610 , 291, 19018
3973 , 280, 19040
3973 , 230, 19062
975 , 29, 19083
13391 , 29, 19105
4742 , 124, 19126
4785 , 124, 19147
10971 , 294, 19169
8219 , 134, 19191
13083 , 494, 19213
0 , 301, 19235
1021 , 297, 19256
3973 , 200, 19278
3973 , 210, 19299
2895 , 27, 19320
13519 , 27, 19342
4960 , 124, 19364
5005 , 124, 19385
5048 , 100, 19407
2460 , 194, 19427
8540 , 10, 19448
1089 , 301, 19470
1133 , 303, 19491
3973 , 290, 19511
3973 , 314, 19533
6223 , 26, 19555
1999 , 27, 19575
5177 , 124, 19615
5219 , 124, 19636
15197 , 458, 19658
4445 , 274, 19679
1189 , 306, 19700
1197 , 307, 19723
3973 , 444, 19744
3973 , 20, 19765
14543 , 27, 19786
8527 , 27, 19807
3535 , 27, 19828
5372 , 124, 19849
5413 , 124, 19871
14173 , 486, 19892
734 , 338, 19914
1208 , 313, 19935
1219 , 313, 19956
3973 , 288, 19978
3973 , 382, 19999
3973 , 480, 20019
10063 , 27, 20040
4815 , 27, 20062
5763 , 124, 20083
5595 , 124, 20103
1758 , 14, 20124
2590 , 370, 20145
2173 , 317, 20166
2114 , 318, 20186
3973 , 500, 20206
3972 , 404, 20227
3973 , 14, 20248
11343 , 27, 20269
5327 , 27, 20290
5964 , 124, 20311
5794 , 124, 20331
13471 , 82, 20352
15839 , 462, 20372
1943 , 324, 20393
1901 , 325, 20415
1870 , 326, 20436
3973 , 4, 20456
3973 , 170, 20475
11727 , 26, 20495
5455 , 27, 20514
5946 , 124, 20533
5990 , 124, 20552
1056 , 154, 20572
13664 , 10, 20592
9760 , 374, 20613
1746 , 332, 20633
1714 , 332, 20654
3973 , 60, 20674
3973 , 218, 20695
13903 , 28, 20715
7887 , 29, 20735
6366 , 124, 20756
6198 , 124, 20778
3041 , 306, 20798
929 , 130, 20819
16033 , 510, 20840
1633 , 338, 20861
1610 , 339, 20883
3971 , 184, 20903
3971 , 210, 20924
14543 , 29, 20945
8783 , 30, 20966
6347 , 124, 20986
6391 , 124, 21006
6434 , 124, 21027
16354 , 194, 21048
16354 , 26, 21068
1549 , 345, 21089
1534 , 346, 21110
3968 , 0, 21131
3972 , 40, 21152
16079 , 31, 21172
10319 , 32, 21193
4943 , 32, 21214
6594 , 124, 21235
6640 , 124, 21255
34 , 238, 21276
3875 , 90, 21298
1487 , 350, 21319
1480 , 353, 21339
3972 , 8, 21360
3971 , 380, 21382
16079 , 35, 21403
10831 , 34, 21423
5583 , 36, 21444
6789 , 124, 21466
6833 , 124, 21487
8675 , 286, 21508
9571 , 118, 21528
1454 , 356, 21550
1450 , 359, 21571
3971 , 510, 21591
3971 , 404, 21612
3971 , 316, 21635
13903 , 38, 21656
8399 , 40, 21677
6992 , 124, 21698
7038 , 124, 21719
1380 , 386, 21740
2724 , 222, 21762
1435 , 3, 21783
1434 , 4, 21804
1433 , 7, 21826
3971 , 32, 21847
3971 , 496, 21868
2255 , 40, 21889
2127 , 38, 21910
7204 , 124, 21931
7250 , 124, 21951
11365 , 510, 21972
229 , 366, 21994
1435 , 11, 22015
1436 , 11, 22036
1443 , 12, 22058
3971 , 312, 22079
3971 , 282, 22100
13386 , 24, 22122
8266 , 24, 22143
7418 , 124, 22164
7462 , 124, 22186
14630 , 134, 22207
38 , 470, 22228
1446 , 294, 22250
1460 , 18, 22271
1469 , 19, 22292
3971 , 184, 22314
3971 , 164, 22336
15951 , 24, 22358
11727 , 26, 22379
7624 , 124, 22399
7666 , 124, 22420
7709 , 124, 22442
15783 , 98, 22463
3047 , 430, 22485
1507 , 25, 22507
1516 , 26, 22529
3971 , 146, 22551
3971 , 158, 22572
9152 , 25, 22594
4047 , 0, 22615
9826 , 124, 22636
7887 , 124, 22658
7932 , 124, 22679
8423 , 162, 22701
11303 , 506, 22723
1305 , 31, 22745
1273 , 32, 22767
3971 , 208, 22788
3971 , 234, 22810
16207 , 0, 22831
5327 , 0, 22852
1871 , 33, 22875
8115 , 124, 22896
8161 , 124, 22918
9896 , 462, 22939
2728 , 310, 22960
1350 , 39, 22982
1367 , 40, 23003
3971 , 378, 23024
3971 , 438, 23047
3971 , 476, 23068
14543 , 32, 23090
9551 , 32, 23111
8338 , 124, 23132
8382 , 124, 23154
617 , 186, 23175
10793 , 22, 23196
1392 , 45, 23218
1361 , 46, 23240
935 , 162, 23262
3971 , 214, 23284
3971 , 316, 23306
4047 , 0, 23328
15439 , 33, 23350
8556 , 124, 23371
8599 , 124, 23393
3818 , 386, 23415
16234 , 222, 23437
922 , 53, 23459
927 , 54, 23481
939 , 55, 23503
3971 , 154, 23526
3971 , 285, 23548
7503 , 34, 23570
1743 , 33, 23592
8763 , 124, 23614
8804 , 124, 23635
16235 , 498, 23658
13035 , 350, 23680
9515 , 202, 23702
1075 , 61, 23724
1054 , 61, 23746
3972 , 255, 23768
3972 , 415, 23790
13135 , 34, 23811
8271 , 35, 23832
8976 , 124, 23854
9019 , 124, 23876
9063 , 124, 23898
620 , 46, 23919
13612 , 394, 23942
990 , 66, 23963
974 , 69, 23984
3972 , 73, 24006
3972 , 283, 24028
16207 , 36, 24050
11727 , 36, 24071
9182 , 124, 24114
9223 , 124, 24135
9708 , 326, 24156
9344 , 174, 24179
940 , 73, 24201
932 , 74, 24223
3972 , 449, 24245
3973 , 115, 24267
8911 , 39, 24288
3919 , 38, 24309
15183 , 40, 24329
9388 , 124, 24349
9431 , 124, 24370
6656 , 462, 24391
6336 , 298, 24411
896 , 78, 24432
891 , 81, 24453
3972 , 447, 24473
3971 , 467, 24492
3971 , 441, 24511
9679 , 36, 24531
3663 , 34, 24551
9590 , 124, 24571
9634 , 124, 24592
7361 , 90, 24614
9025 , 442, 24635
869 , 85, 24657
863 , 86, 24679
835 , 77, 24699
3971 , 19, 24721
3971 , 21, 24743
14287 , 37, 24764
8911 , 37, 24787
9803 , 124, 24808
9846 , 124, 24831
14146 , 242, 24853
770 , 82, 24875
854 , 93, 24898
852 , 93, 24920
852 , 94, 24942
3971 , 79, 24964
3971 , 5, 24986
2767 , 40, 25008
13647 , 41, 25030
10017 , 124, 25051
10061 , 124, 25072
9603 , 414, 25094
13059 , 262, 25116
9411 , 102, 25138
852 , 101, 25159
853 , 102, 25180
3968 , 1, 25202
3972 , 93, 25223
9167 , 40, 25244
4047 , 38, 25266
10216 , 124, 25287
10261 , 124, 25309
10306 , 114, 25331
15812 , 466, 25352
4356 , 310, 25375
861 , 106, 25396
867 , 109, 25418
3968 , 1, 25439
3972 , 397, 25460
15695 , 36, 25482
10959 , 36, 25504
10437 , 124, 25546
10483 , 124, 25568
1668 , 310, 25590
6661 , 142, 25612
880 , 113, 25634
887 , 113, 25656
3972 , 391, 25679
3972 , 337, 25700
11215 , 34, 25722
6095 , 33, 25743
1231 , 32, 25766
10652 , 124, 25787
10697 , 124, 25810
12165 , 458, 25832
13893 , 426, 25854
915 , 118, 25877
926 , 120, 25899
3968 , 1, 25921
3968 , 1, 25943
3972 , 445, 25965
14031 , 32, 25987
8527 , 31, 26009
10877 , 124, 26031
10921 , 124, 26053
7622 , 354, 26075
8710 , 202, 26095
972 , 125, 26115
985 , 126, 26136
3972 , 31, 26157
3972 , 77, 26178
3972 , 5, 26199
4175 , 30, 26221
16207 , 30, 26243
11099 , 124, 26265
11141 , 124, 26287
14599 , 6, 26309
9799 , 374, 26331
1045 , 133, 26353
1064 , 134, 26375
1084 , 134, 26397
3972 , 379, 26419
3972 , 425, 26440
8783 , 31, 26462
3407 , 30, 26484
11307 , 124, 26506
11352 , 124, 26527
10120 , 134, 26550
6664 , 2, 26571
2504 , 366, 26593
1171 , 140, 26615
1199 , 141, 26636
3972 , 287, 26658
3972 , 387, 26679
10703 , 31, 26701
5327 , 32, 26723
11512 , 124, 26745
36 , 124, 26767
10633 , 290, 26789
7817 , 110, 26811
5897 , 466, 26833
1305 , 147, 26855
1324 , 148, 26876
3972 , 423, 26899
3972 , 341, 26920
14543 , 32, 26943
9807 , 32, 26964
201 , 124, 26986
246 , 124, 27007
289 , 124, 27030
14410 , 282, 27051
13002 , 138, 27072
824 , 153, 27094
803 , 154, 27115
3972 , 431, 27136
3972 , 377, 27157
15823 , 34, 27179
10191 , 36, 27200
4559 , 36, 27222
441 , 124, 27244
485 , 124, 27266
8202 , 318, 27288
7179 , 186, 27310
774 , 160, 27331
771 , 161, 27353
3972 , 193, 27375
3972 , 389, 27396
3972 , 0, 27418
10703 , 80, 27440
5839 , 37, 27463
632 , 124, 27484
677 , 124, 27506
5387 , 322, 27527
5323 , 154, 27550
845 , 165, 27571
838 , 166, 27592
3973 , 313, 27633
3973 , 449, 27654
1103 , 36, 27675
11727 , 36, 27696
788 , 124, 27718
831 , 124, 27739
4620 , 70, 27760
4940 , 402, 27781
818 , 170, 27803
0 , 179, 27824
1089 , 172, 27845
3973 , 403, 27866
3973 , 133, 27887
12623 , 0, 27907
12879 , 0, 27928
1001 , 124, 27950
1047 , 124, 27971
6605 , 190, 27991
7053 , 2, 28011
8077 , 354, 28032
0 , 184, 28052
0 , 187, 28074
3972 , 277, 28095
3972 , 71, 28116
6223 , 61, 28138
1103 , 60, 28160
1210 , 124, 28181
1253 , 124, 28203
10829 , 270, 28224
12110 , 86, 28246
14158 , 426, 28267
1065 , 185, 28289
1071 , 186, 28311
3972 , 324, 28333
3972 , 204, 28355
9295 , 56, 28376
4175 , 54, 28399
1409 , 124, 28420
1453 , 124, 28443
1496 , 124, 28464
4046 , 118, 28487
6350 , 490, 28509
0 , 197, 28531
0 , 198, 28552
3972 , 362, 28574
3972 , 286, 28595
14031 , 52, 28617
8783 , 50, 28638
4175 , 51, 28660
1683 , 124, 28682
1725 , 124, 28703
1039 , 298, 28724
3983 , 146, 28746
1091 , 197, 28767
1093 , 198, 28788
3971 , 326, 28809
3971 , 300, 28830
3983 , 48, 28851
14927 , 49, 28873
9807 , 48, 28895
1884 , 124, 28915
1933 , 124, 28936
2640 , 410, 28958
6864 , 242, 28979
1104 , 204, 29000
1126 , 205, 29023
3971 , 22, 29043
3971 , 28, 29064
3971 , 62, 29086
3407 , 47, 29107
14543 , 46, 29128
2101 , 124, 29151
2147 , 124, 29172
10897 , 46, 29195
1489 , 382, 29216
1167 , 211, 29238
1182 , 212, 29259
1191 , 213, 29280
3971 , 326, 29302
3971 , 404, 29324
5839 , 44, 29346
847 , 44, 29367
2305 , 124, 29388
2350 , 124, 29410
10194 , 66, 29430
2066 , 398, 29451
7378 , 216, 29472
1251 , 218, 29494
1268 , 219, 29515
3972 , 174, 29536
3972 , 324, 29558
8143 , 45, 29579
3151 , 45, 29600
2509 , 124, 29622
2554 , 124, 29643
466 , 146, 29685
12754 , 498, 29707
1217 , 223, 29728
1174 , 225, 29750
3972 , 100, 29771
3972 , 192, 29793
15823 , 45, 29815
9551 , 45, 29836
2663 , 124, 29858
2710 , 124, 29879
2750 , 124, 29900
3987 , 382, 29920
2579 , 238, 29941
1176 , 229, 29962
1203 , 230, 29983
3968 , 0, 30003
3968 , 0, 30025
591 , 44, 30047
11727 , 44, 30068
6479 , 45, 30090
2909 , 124, 30111
2954 , 124, 30132
15828 , 494, 30153
4500 , 282, 30175
1259 , 235, 30196
1295 , 236, 30218
3972 , 154, 30239
3972 , 160, 30261
1871 , 46, 30283
13519 , 46, 30303
8271 , 47, 30324
3109 , 124, 30345
3150 , 124, 30367
13909 , 26, 30388
12565 , 346, 30410
1349 , 242, 30431
1495 , 242, 30453
3972 , 46, 30475
132 , 124, 30496
3968 , 0, 30518
15823 , 46, 30539
11215 , 44, 30560
3304 , 124, 30582
3345 , 124, 30603
6613 , 378, 30625
6294 , 270, 30646
1757 , 247, 30667
1836 , 248, 30688
2133 , 250, 30710
3975 , 410, 30731
3975 , 18, 30752
1871 , 40, 30775
13135 , 41, 30796
3502 , 124, 30818
3546 , 124, 30839
13654 , 510, 30861
13078 , 374, 30883
2465 , 254, 30905
1179 , 255, 30927
1172 , 256, 30949
3975 , 348, 30971
3975 , 66, 30994
5583 , 42, 31016
463 , 44, 31038
3708 , 124, 31059
3750 , 124, 31081
10967 , 130, 31103
10135 , 66, 31124
24 , 498, 31147
1094 , 263, 31169
1085 , 264, 31191
3974 , 166, 31212
3974 , 12, 31234
16335 , 28, 31255
12239 , 29, 31277
3926 , 124, 31299
3968 , 124, 31320
4009 , 124, 31342
15640 , 166, 31363
280 , 30, 31384
1028 , 269, 31406
991 , 270, 31427
3974 , 388, 31449
3974 , 282, 31471
4943 , 28, 31493
77 , 29, 31515
9679 , 124, 31536
4178 , 124, 31558
4220 , 124, 31579
2521 , 294, 31601
4441 , 146, 31622
992 , 275, 31643
962 , 276, 31666
3973 , 360, 31687
3909 , 256, 31708
7503 , 32, 31748
2895 , 33, 31770
4336 , 124, 31791
4379 , 124, 31813
14490 , 78, 31835
858 , 414, 31857
967 , 280, 31879
977 , 283, 31899
3973 , 46, 31920
3973 , 464, 31942
3973 , 424, 31963
12111 , 31, 31982
6479 , 30, 32002
4536 , 124, 32023
4581 , 124, 32043
13722 , 182, 32064
1051 , 14, 32084
997 , 287, 32105
0 , 294, 32126
626 , 290, 32147
3973 , 264, 32167
3973 , 214, 32188
975 , 29, 32208
13007 , 29, 32229
4748 , 124, 32248
4793 , 124, 32268
2971 , 330, 32288
6171 , 182, 32310
0 , 301, 32330
0 , 302, 32351
1135 , 297, 32371
3973 , 204, 32392
3973 , 202, 32413
7119 , 27, 32432
2383 , 26, 32453
4985 , 68, 32474
5033 , 108, 32495
348 , 62, 32515
5916 , 402, 32535
13404 , 246, 32557
2488 , 301, 32578
2516 , 302, 32598
3973 , 330, 32618
3973 , 358, 32639
14927 , 27, 32660
10447 , 27, 32680
5210 , 124, 32701
5257 , 124, 32723
5294 , 124, 32743
5853 , 114, 32764
7325 , 458, 32786
1188 , 308, 32807
1200 , 311, 32829
3973 , 66, 32851
3973 , 132, 32872
4559 , 27, 32894
14927 , 27, 32915
10987 , 124, 32936
5464 , 124, 32957
5708 , 4, 32979
12446 , 238, 33000
13726 , 58, 33022
1259 , 315, 33043
0 , 323, 33064
3973 , 394, 33086
3973 , 172, 33107
8399 , 27, 33127
3279 , 27, 33148
14543 , 27, 33170
5670 , 124, 33191
5919 , 124, 33213
13471 , 314, 33235
5855 , 126, 33256
2029 , 321, 33278
1982 , 322, 33300
3973 , 134, 33322
3973 , 258, 33343
