RP OK!
Getting device info...model: 24
FW min: 25
FW maj: 1
HW: 5
Serial: B0 E4 9A F2 C1 EA 9F C3 BE EB 9C F3 3F 37 32 03 
Spinning up...
Scanning...
dist ; theta
____________
0 , 0, 1372
0 , 40, 1391
3971 , 206, 1410
3971 , 238, 1430
3971 , 254, 1450
4687 , 0, 1470
16079 , 33, 1490
8109 , 124, 1511
8152 , 124, 1533
11240 , 470, 1554
2920 , 302, 1575
1348 , 38, 1596
1369 , 40, 1617
3971 , 390, 1655
3971 , 442, 1676
5711 , 32, 1697
335 , 32, 1718
8314 , 124, 1739
8357 , 124, 1760
3433 , 82, 1782
11689 , 442, 1803
1394 , 45, 1824
1357 , 46, 1846
935 , 49, 1867
3971 , 236, 1889
3971 , 322, 1910
5199 , 0, 1930
16207 , 33, 1952
8575 , 124, 1973
8620 , 124, 1994
1002 , 150, 2016
11818 , 2, 2038
8490 , 354, 2061
940 , 55, 2082
968 , 56, 2103
3971 , 329, 2124
3971 , 461, 2145
12239 , 34, 2166
6863 , 34, 2187
8850 , 124, 2209
8896 , 124, 2231
8555 , 334, 2271
4779 , 178, 2293
1039 , 62, 2313
1023 , 65, 2334
3972 , 79, 2354
3972 , 245, 2375
4943 , 36, 2397
207 , 36, 2418
9088 , 124, 2439
9129 , 124, 2461
9172 , 124, 2483
11756 , 14, 2505
9644 , 358, 2527
947 , 72, 2550
936 , 72, 2572
3972 , 405, 2594
3973 , 99, 2615
11343 , 39, 2637
6991 , 39, 2658
1615 , 40, 2679
9414 , 124, 2701
9456 , 124, 2723
7552 , 214, 2746
6145 , 70, 2768
889 , 81, 2790
884 , 82, 2811
2435 , 445, 2834
3971 , 273, 2855
3203 , 147, 2876
13519 , 36, 2897
7887 , 37, 2919
9689 , 124, 2941
9733 , 124, 2963
11393 , 426, 2985
11970 , 274, 3006
857 , 89, 3027
855 , 90, 3048
3970 , 511, 3069
3971 , 5, 3090
3971 , 113, 3111
4559 , 40, 3132
15695 , 41, 3153
10195 , 124, 3174
10023 , 124, 3196
8451 , 186, 3217
10691 , 18, 3238
852 , 99, 3259
851 , 100, 3281
853 , 101, 3302
3968 , 1, 3322
3972 , 89, 3343
14159 , 41, 3365
9679 , 39, 3386
10275 , 108, 3407
10536 , 4, 3430
1796 , 58, 3451
5380 , 422, 3473
10308 , 250, 3494
870 , 108, 3515
873 , 111, 3535
3971 , 397, 3556
3972 , 227, 3576
9807 , 36, 3596
5199 , 35, 3617
10557 , 124, 3638
10600 , 124, 3658
3205 , 346, 3678
2949 , 190, 3698
8453 , 46, 3718
911 , 119, 3738
921 , 119, 3759
3968 , 1, 3780
3968 , 1, 3801
4175 , 32, 3822
15695 , 33, 3842
10858 , 124, 3863
10903 , 124, 3885
10947 , 124, 3906
8262 , 170, 3927
11846 , 498, 3949
988 , 127, 3970
1003 , 128, 3991
3972 , 503, 4012
3972 , 35, 4033
15951 , 30, 4053
11471 , 29, 4074
11158 , 124, 4114
11203 , 124, 4135
6471 , 102, 4157
2119 , 474, 4178
1088 , 135, 4199
1112 , 137, 4221
3972 , 1, 4242
3972 , 51, 4262
15823 , 28, 4302
10703 , 28, 4322
11413 , 124, 4343
11457 , 124, 4365
16200 , 122, 4386
13192 , 478, 4408
1236 , 142, 4430
1265 , 145, 4451
3972 , 93, 4473
3972 , 221, 4495
3972 , 371, 4517
7247 , 28, 4538
2255 , 28, 4558
185 , 124, 4579
228 , 124, 4601
16009 , 462, 4622
14346 , 290, 4643
975 , 153, 4664
823 , 154, 4685
800 , 155, 4705
3972 , 365, 4723
3972 , 77, 4743
15567 , 30, 4762
10191 , 32, 4783
473 , 124, 4803
517 , 124, 4825
7051 , 250, 4846
6667 , 70, 4866
5771 , 438, 4886
768 , 163, 4906
841 , 165, 4927
3972 , 417, 4947
3973 , 177, 4968
11584 , 36, 4988
844 , 0, 5007
755 , 124, 5027
801 , 124, 5048
4812 , 462, 5069
4940 , 310, 5090
5196 , 162, 5111
0 , 179, 5132
0 , 180, 5152
3973 , 331, 5171
3973 , 281, 5191
14799 , 37, 5212
9550 , 36, 5231
1053 , 124, 5251
1097 , 124, 5271
1141 , 124, 5292
9101 , 46, 5313
9677 , 414, 5334
1074 , 180, 5354
1013 , 183, 5374
3972 , 367, 5395
3972 , 219, 5414
4687 , 58, 5434
16207 , 56, 5454
1345 , 124, 5492
1391 , 124, 5512
78 , 506, 5533
2702 , 350, 5553
1050 , 188, 5574
874 , 191, 5593
3972 , 156, 5612
3972 , 30, 5631
5711 , 53, 5669
719 , 51, 5688
1620 , 124, 5707
1662 , 124, 5727
14671 , 426, 5748
911 , 278, 5768
1087 , 196, 5787
1089 , 198, 5807
3972 , 40, 5828
3971 , 486, 5848
3971 , 60, 5867
13647 , 49, 5887
8399 , 48, 5908
1893 , 124, 5929
1939 , 124, 5950
4752 , 86, 5971
9040 , 438, 5992
1126 , 205, 6014
1135 , 206, 6035
1144 , 208, 6056
3971 , 338, 6078
3971 , 24, 6099
3279 , 46, 6120
14543 , 45, 6141
2177 , 124, 6162
2220 , 124, 6183
6545 , 194, 6204
13713 , 38, 6225
1197 , 214, 6265
1212 , 214, 6286
3971 , 134, 6306
3971 , 168, 6327
14671 , 44, 6348
9423 , 45, 6369
2414 , 124, 6389
2458 , 124, 6410
10962 , 18, 6431
5586 , 366, 6452
82 , 210, 6473
1237 , 223, 6494
1191 , 224, 6514
3971 , 438, 6535
3971 , 12, 6556
3663 , 45, 6576
14671 , 45, 6597
2692 , 124, 6617
2736 , 124, 6638
2783 , 124, 6658
2451 , 230, 6678
84 , 66, 6699
1179 , 230, 6720
1193 , 233, 6741
3972 , 266, 6762
3972 , 90, 6783
8015 , 45, 6805
3151 , 45, 6825
13903 , 46, 6846
3014 , 124, 6866
3060 , 124, 6887
1428 , 366, 6909
16213 , 182, 6930
1368 , 239, 6950
1394 , 240, 6972
3972 , 38, 6994
3972 , 32, 7014
9423 , 46, 7035
4431 , 47, 7056
16207 , 46, 7077
3276 , 124, 7097
3323 , 124, 7118
2773 , 302, 7138
7574 , 186, 7159
1764 , 247, 7180
1839 , 248, 7200
3968 , 0, 7221
3968 , 0, 7242
3975 , 462, 7262
7887 , 41, 7282
3407 , 40, 7303
3544 , 124, 7324
3588 , 124, 7345
14422 , 450, 7365
11671 , 254, 7386
1194 , 257, 7406
1172 , 258, 7427
1154 , 258, 7448
3974 , 414, 7469
3974 , 194, 7490
10831 , 45, 7510
5711 , 43, 7530
3803 , 124, 7549
3850 , 124, 7569
24 , 162, 7590
25 , 2, 7611
1096 , 264, 7631
1090 , 266, 7653
1074 , 267, 7674
3974 , 198, 7695
3974 , 52, 7716
847 , 29, 7737
12239 , 29, 7758
4066 , 124, 7780
4110 , 124, 7801
2393 , 70, 7822
729 , 418, 7842
1945 , 266, 7863
923 , 275, 7883
582 , 276, 7905
3973 , 436, 7926
3973 , 298, 7946
1999 , 32, 7967
13519 , 33, 7986
4328 , 124, 8006
4372 , 124, 8027
15130 , 150, 8063
1818 , 486, 8082
586 , 283, 8102
590 , 284, 8122
3973 , 486, 8142
3973 , 438, 8162
10191 , 31, 8181
5327 , 30, 8201
4537 , 124, 8221
4581 , 124, 8239
4624 , 124, 8258
2459 , 134, 8278
6555 , 486, 8297
888 , 289, 8316
897 , 290, 8335
3973 , 228, 8356
3973 , 218, 8376
15567 , 29, 8396
10063 , 28, 8416
5711 , 28, 8436
4856 , 124, 8457
4921 , 124, 8477
4124 , 326, 8497
9756 , 162, 8517
940 , 299, 8537
949 , 299, 8558
3973 , 220, 8578
3973 , 238, 8598
3973 , 316, 8617
14287 , 26, 8637
8783 , 26, 8657
5147 , 68, 8677
5193 , 124, 8695
13661 , 382, 8715
2013 , 226, 8734
1017 , 307, 8754
1106 , 308, 8773
3973 , 4, 8792
3973 , 38, 8811
3973 , 98, 8831
2383 , 27, 8850
14159 , 27, 8870
5422 , 124, 8889
5466 , 124, 8908
14302 , 498, 8926
14302 , 338, 8944
1161 , 314, 8962
1185 , 317, 8979
1198 , 317, 8997
3973 , 186, 9014
3973 , 38, 9031
7887 , 27, 9050
2511 , 27, 9068
5689 , 124, 9087
5939 , 4, 9105
6495 , 22, 9123
6175 , 370, 9142
15519 , 182, 9162
1935 , 325, 9182
1890 , 326, 9202
3973 , 464, 9222
3973 , 128, 9242
10575 , 26, 9263
5199 , 27, 9284
5959 , 124, 9305
6003 , 124, 9326
5536 , 294, 9347
864 , 150, 9368
14496 , 502, 9389
1725 , 332, 9410
1693 , 335, 9430
3973 , 178, 9450
3971 , 396, 9471
13007 , 29, 9492
7631 , 28, 9513
6226 , 124, 9534
6267 , 124, 9555
6313 , 124, 9577
6305 , 334, 9598
2849 , 182, 9619
1584 , 341, 9639
1571 , 342, 9661
3971 , 316, 9682
3971 , 492, 9703
16079 , 30, 9725
10447 , 31, 9746
5455 , 32, 9767
6543 , 124, 9789
6584 , 124, 9810
13090 , 450, 9832
13538 , 290, 9854
1497 , 350, 9875
1486 , 350, 9897
3972 , 88, 9919
3971 , 450, 9941
15823 , 35, 9963
10959 , 34, 9985
5327 , 35, 10006
6802 , 124, 10029
6848 , 124, 10050
12451 , 150, 10073
14371 , 498, 10094
1451 , 358, 10117
1445 , 359, 10138
3971 , 406, 10160
3971 , 314, 10181
3971 , 246, 10202
12239 , 40, 10223
6991 , 40, 10246
7066 , 124, 10267
7113 , 124, 10289
4452 , 226, 10310
7461 , 26, 10331
1432 , 7, 10351
1432 , 8, 10372
3971 , 470, 10413
3971 , 424, 10434
7759 , 25, 10456
4047 , 25, 10478
7292 , 124, 10499
7335 , 124, 10520
38 , 418, 10542
14949 , 186, 10563
1443 , 13, 10605
1449 , 14, 10626
3971 , 262, 10647
3971 , 226, 10668
16079 , 23, 10689
11087 , 24, 10710
7505 , 124, 10730
7548 , 124, 10751
10534 , 498, 10773
4070 , 338, 10794
10278 , 118, 10814
1483 , 21, 10836
1489 , 22, 10857
3971 , 164, 10878
3971 , 136, 10898
975 , 25, 10920
11983 , 25, 10942
7763 , 124, 10963
7806 , 124, 10984
7847 , 124, 11005
1511 , 306, 11026
4711 , 146, 11046
1404 , 30, 11066
1324 , 31, 11086
3971 , 186, 11106
3971 , 194, 11127
15695 , 28, 11148
14400 , 28, 11170
4047 , 124, 11190
8047 , 124, 11211
8092 , 124, 11231
4456 , 138, 11251
9256 , 510, 11271
1335 , 38, 11292
1355 , 38, 11313
3971 , 370, 11333
3971 , 408, 11354
15695 , 32, 11375
10319 , 32, 11396
5199 , 32, 11416
8335 , 124, 11436
8379 , 124, 11457
617 , 222, 11478
10217 , 70, 11497
1374 , 46, 11517
945 , 48, 11537
3971 , 196, 11558
3971 , 274, 11577
3971 , 376, 11596
11727 , 33, 11616
6863 , 33, 11637
8597 , 124, 11658
8641 , 124, 11679
14826 , 262, 11700
10730 , 102, 11722
933 , 55, 11743
948 , 56, 11763
3971 , 254, 11803
3971 , 369, 11825
3663 , 34, 11846
14415 , 34, 11867
8824 , 124, 11889
8865 , 124, 11911
12075 , 14, 11932
8427 , 354, 11954
1060 , 61, 11975
1041 , 62, 11996
1023 , 64, 12017
3972 , 81, 12038
3972 , 253, 12060
4175 , 36, 12082
15439 , 36, 12104
9078 , 124, 12125
9123 , 124, 12146
13484 , 22, 12168
11948 , 370, 12189
9900 , 214, 12209
955 , 70, 12230
940 , 72, 12250
3972 , 219, 12271
3972 , 469, 12291
3663 , 39, 12311
14159 , 38, 12331
9335 , 124, 12352
9390 , 124, 12372
9433 , 124, 12392
6528 , 382, 12412
6528 , 226, 12433
898 , 78, 12453
890 , 80, 12473
3972 , 423, 12492
3971 , 461, 12512
3791 , 37, 12531
14031 , 34, 12551
9601 , 124, 12571
9641 , 124, 12591
9684 , 124, 12612
8193 , 374, 12632
10561 , 214, 12651
864 , 86, 12670
860 , 89, 12690
3970 , 503, 12709
3971 , 21, 12728
1359 , 36, 12747
13135 , 38, 12767
7759 , 38, 12787
9889 , 124, 12806
9929 , 124, 12826
1666 , 334, 12846
4098 , 182, 12866
851 , 94, 12884
850 , 96, 12902
3971 , 15, 12921
3971 , 479, 12940
131 , 398, 12959
9935 , 45, 12978
3919 , 44, 12996
10126 , 124, 13015
10170 , 124, 13036
12419 , 322, 13057
6659 , 194, 13077
854 , 103, 13097
855 , 104, 13117
3972 , 73, 13138
3971 , 191, 13158
3968 , 1, 13178
6223 , 63, 13199
1103 , 67, 13222
10361 , 124, 13243
10407 , 124, 13264
10500 , 294, 13286
15428 , 130, 13306
873 , 111, 13327
878 , 112, 13347
886 , 112, 13366
3972 , 333, 13387
3972 , 375, 13407
11471 , 30, 13427
7375 , 30, 13449
10620 , 124, 13470
10665 , 124, 13490
14661 , 318, 13510
4933 , 174, 13530
12102 , 119, 13551
924 , 120, 13571
935 , 121, 13591
3968 , 1, 13611
3972 , 437, 13633
14543 , 29, 13653
9039 , 28, 13674
10882 , 124, 13694
10928 , 124, 13714
7174 , 22, 13734
9862 , 362, 13755
14471 , 182, 13775
994 , 128, 13795
1007 , 128, 13815
3972 , 457, 13837
3972 , 7, 13857
14671 , 27, 13877
9167 , 26, 13898
11139 , 124, 13918
11185 , 124, 13939
11229 , 124, 13960
3975 , 282, 13981
16200 , 130, 14002
1093 , 135, 14023
1117 , 136, 14044
3972 , 11, 14065
3972 , 77, 14086
13007 , 26, 14107
7759 , 26, 14127
11391 , 124, 14167
11434 , 124, 14189
1864 , 402, 14210
15304 , 258, 14231
1210 , 142, 14252
1242 , 143, 14274
3972 , 471, 14294
3972 , 115, 14315
975 , 26, 14356
11727 , 26, 14378
75 , 124, 14398
117 , 124, 14419
5769 , 18, 14441
3401 , 382, 14462
1334 , 148, 14483
1291 , 149, 14503
3972 , 427, 14525
3972 , 79, 14546
3972 , 249, 14566
15183 , 27, 14586
9679 , 28, 14606
330 , 124, 14627
375 , 124, 14648
11018 , 50, 14669
9802 , 386, 14689
783 , 157, 14710
775 , 159, 14731
769 , 160, 14753
3972 , 203, 14774
3972 , 349, 14794
1359 , 27, 14815
13263 , 27, 14837
596 , 124, 14858
641 , 124, 14879
5707 , 110, 14900
5387 , 438, 14921
849 , 164, 14962
840 , 167, 14982
3972 , 301, 15003
3972 , 499, 15025
11599 , 29, 15046
6479 , 0, 15067
815 , 124, 15087
860 , 124, 15108
5004 , 354, 15129
5004 , 218, 15149
5644 , 50, 15170
0 , 180, 15191
1099 , 175, 15212
3974 , 139, 15234
3974 , 183, 15255
15311 , 0, 15277
16079 , 0, 15298
1088 , 124, 15320
1135 , 124, 15342
1177 , 124, 15363
9165 , 258, 15385
10189 , 82, 15407
1014 , 181, 15429
1008 , 182, 15451
3972 , 59, 15473
3971 , 376, 15494
5967 , 57, 15516
1615 , 56, 15538
12879 , 56, 15559
1392 , 124, 15582
1437 , 124, 15603
2382 , 286, 15625
3918 , 134, 15646
871 , 190, 15668
0 , 197, 15690
3971 , 430, 15711
3971 , 352, 15733
8399 , 52, 15754
3279 , 51, 15776
14671 , 50, 15798
1668 , 124, 15819
1715 , 124, 15840
1039 , 314, 15862
3919 , 146, 15883
1088 , 198, 15905
1095 , 198, 15926
3971 , 50, 15948
3971 , 432, 15970
3971 , 450, 15991
5583 , 48, 16013
16335 , 47, 16034
1927 , 124, 16056
1972 , 124, 16078
7760 , 290, 16100
13072 , 114, 16122
1128 , 206, 16144
1138 , 207, 16166
1152 , 332, 16188
3971 , 384, 16210
3971 , 422, 16232
3919 , 46, 16254
14927 , 45, 16277
2180 , 124, 16299
2223 , 124, 16321
6673 , 214, 16342
13905 , 46, 16365
1194 , 213, 16386
1209 , 214, 16408
1230 , 217, 16430
3971 , 452, 16451
3971 , 348, 16474
3151 , 45, 16495
14415 , 45, 16516
2433 , 124, 16538
2479 , 124, 16559
15634 , 182, 16581
2066 , 18, 16603
13778 , 370, 16625
1221 , 222, 16647
1178 , 225, 16669
3971 , 218, 16691
3971 , 244, 16713
2511 , 45, 16735
13775 , 45, 16758
2690 , 124, 16780
2734 , 124, 16802
4499 , 366, 16846
2579 , 218, 16867
1183 , 229, 16890
1177 , 230, 16911
3971 , 310, 16934
3971 , 472, 16955
8399 , 44, 16977
2895 , 44, 16999
2905 , 124, 17041
2952 , 124, 17062
15572 , 34, 17084
4628 , 354, 17106
1259 , 237, 17126
1259 , 238, 17147
3971 , 314, 17169
3971 , 504, 17191
14927 , 46, 17212
9807 , 47, 17234
4687 , 46, 17255
3169 , 124, 17277
3212 , 124, 17298
22 , 110, 17320
22 , 462, 17342
1599 , 245, 17363
1669 , 245, 17385
3968 , 0, 17406
3968 , 0, 17428
3976 , 388, 17450
10831 , 41, 17471
5839 , 39, 17493
3417 , 124, 17514
3461 , 124, 17537
23 , 18, 17558
12246 , 198, 17581
1021 , 253, 17602
1015 , 253, 17624
3975 , 104, 17665
3975 , 238, 17687
13647 , 41, 17709
8143 , 42, 17730
3626 , 124, 17752
3668 , 124, 17774
12247 , 30, 17794
10775 , 394, 17816
977 , 258, 17837
970 , 261, 17858
961 , 262, 17879
3974 , 492, 17902
3974 , 282, 17923
2639 , 43, 17944
14031 , 28, 17966
3882 , 124, 17987
3925 , 124, 18007
14232 , 34, 18029
14808 , 386, 18050
15704 , 210, 18071
929 , 269, 18092
910 , 270, 18113
3974 , 396, 18134
3974 , 308, 18155
4943 , 28, 18177
15567 , 29, 18198
4143 , 124, 18219
4187 , 124, 18241
4230 , 124, 18262
3097 , 486, 18284
9561 , 310, 18306
898 , 276, 18327
883 , 279, 18349
3909 , 246, 18370
3973 , 130, 18391
6095 , 32, 18413
1743 , 31, 18435
4404 , 124, 18457
4446 , 124, 18479
4489 , 124, 18502
7450 , 10, 18523
9562 , 382, 18545
903 , 284, 18566
901 , 287, 18586
3973 , 366, 18607
3973 , 340, 18629
7247 , 29, 18650
2127 , 28, 18671
13903 , 28, 18693
4697 , 124, 18714
4743 , 124, 18735
14235 , 22, 18757
219 , 378, 18778
918 , 292, 18800
929 , 295, 18822
3973 , 198, 18843
3973 , 200, 18864
3973 , 28, 18885
2511 , 27, 18906
13903 , 27, 18927
4970 , 76, 18949
5016 , 124, 18971
15836 , 502, 18993
5340 , 330, 19014
957 , 300, 19035
964 , 303, 19057
3973 , 282, 19078
3973 , 304, 19100
3973 , 376, 19122
1871 , 27, 19144
13775 , 27, 19166
5236 , 124, 19187
5272 , 92, 19209
12509 , 466, 19231
13021 , 306, 19253
1023 , 309, 19274
1049 , 310, 19296
1064 , 311, 19318
3973 , 124, 19339
3973 , 244, 19361
16079 , 27, 19383
10575 , 27, 19405
5475 , 124, 19427
5717 , 4, 19449
13086 , 454, 19471
5982 , 286, 19492
1332 , 316, 19534
0 , 325, 19555
3973 , 366, 19578
3973 , 174, 19598
3279 , 27, 19620
14671 , 27, 19642
5670 , 124, 19663
5921 , 124, 19685
2591 , 78, 19726
15647 , 422, 19747
2009 , 322, 19768
1965 , 323, 19789
3973 , 184, 19810
3973 , 322, 19831
5455 , 26, 19852
15695 , 26, 19873
5874 , 124, 19893
5916 , 124, 19914
5960 , 124, 19934
6496 , 50, 19954
5792 , 410, 19975
1780 , 331, 19996
1751 , 331, 20017
3973 , 170, 20037
3973 , 494, 20058
5455 , 28, 20078
335 , 29, 20099
12111 , 29, 20118
6390 , 124, 20139
6219 , 124, 20160
13793 , 106, 20181
11553 , 442, 20201
1631 , 339, 20222
1607 , 340, 20242
3971 , 188, 20263
3971 , 226, 20285
5327 , 30, 20325
15695 , 31, 20346
6385 , 124, 20367
6428 , 124, 20387
5858 , 234, 20408
5346 , 70, 20429
1546 , 344, 20450
1529 , 347, 20470
3972 , 136, 20491
3972 , 444, 20513
3972 , 298, 20534
3663 , 33, 20555
14543 , 32, 20576
6637 , 124, 20597
6678 , 124, 20618
13987 , 174, 20638
12643 , 506, 20659
1477 , 352, 20680
1468 , 354, 20702
1461 , 355, 20723
3971 , 186, 20744
3971 , 80, 20766
207 , 37, 20787
11599 , 37, 20808
6883 , 124, 20828
6929 , 124, 20850
868 , 82, 20871
5668 , 422, 20892
8036 , 250, 20914
1440 , 2, 20935
1434 , 2, 20957
3971 , 188, 20978
3971 , 108, 20999
11599 , 40, 21020
7119 , 41, 21042
7122 , 124, 21064
7166 , 124, 21086
10468 , 426, 21107
11813 , 270, 21129
13221 , 94, 21150
1433 , 9, 21171
1434 , 11, 21193
3971 , 378, 21214
3971 , 322, 21236
15948 , 24, 21258
11464 , 24, 21279
7373 , 124, 21300
7416 , 124, 21322
7462 , 124, 21342
8678 , 210, 21364
13030 , 50, 21386
1458 , 16, 21407
1467 , 19, 21429
3971 , 190, 21450
3971 , 178, 21472
12495 , 23, 21494
7759 , 26, 21515
2255 , 26, 21537
7664 , 124, 21558
7709 , 124, 21580
4455 , 130, 21602
679 , 442, 21623
1509 , 24, 21646
1521 , 26, 21667
3971 , 160, 21689
3971 , 166, 21710
15808 , 0, 21733
4943 , 0, 21754
1615 , 34, 21777
7926 , 124, 21798
7972 , 124, 21820
10856 , 22, 21842
14440 , 386, 21864
1276 , 32, 21886
1295 , 35, 21907
3971 , 246, 21930
3971 , 282, 21952
3971 , 302, 21974
5839 , 33, 21996
335 , 31, 22018
8186 , 124, 22040
8229 , 124, 22062
12265 , 38, 22085
2601 , 402, 22107
1392 , 40, 22129
1411 , 43, 22151
1432 , 474, 22173
3971 , 32, 22195
3971 , 90, 22217
7503 , 32, 22239
4815 , 26, 22261
8443 , 124, 22283
8484 , 124, 22305
1706 , 42, 22327
11370 , 398, 22349
931 , 49, 22371
919 , 50, 22394
922 , 53, 22415
3971 , 462, 22438
3971 , 60, 22459
3407 , 33, 22482
14799 , 34, 22503
8693 , 124, 22526
8738 , 124, 22548
6251 , 62, 22570
491 , 422, 22592
12971 , 246, 22614
1099 , 58, 22637
1076 , 60, 22659
3972 , 119, 22681
3972 , 255, 22702
2511 , 34, 22725
14287 , 34, 22746
8948 , 124, 22768
8995 , 124, 22790
9068 , 22, 22813
1068 , 366, 22835
15340 , 226, 22857
994 , 67, 22878
979 , 68, 22901
3972 , 61, 22922
3972 , 243, 22943
847 , 36, 22966
11983 , 36, 22987
9200 , 124, 23009
9240 , 124, 23030
9282 , 124, 23052
7872 , 354, 23074
6528 , 186, 23095
926 , 75, 23117
914 , 76, 23139
3973 , 307, 23161
3973 , 13, 23183
16335 , 40, 23205
11599 , 38, 23226
7119 , 38, 23248
9488 , 124, 23269
9530 , 124, 23290
6529 , 294, 23310
6977 , 114, 23333
879 , 83, 23354
875 , 84, 23376
3203 , 271, 23398
2435 , 169, 23419
1935 , 36, 23441
9423 , 37, 23462
4047 , 37, 23482
9736 , 124, 23504
9778 , 124, 23526
11906 , 210, 23546
13378 , 62, 23567
856 , 91, 23587
855 , 92, 23608
3970 , 501, 23629
3971 , 145, 23649
3971 , 79, 23670
7759 , 39, 23690
2895 , 38, 23711
9983 , 124, 23732
10239 , 4, 23752
7043 , 166, 23773
11715 , 10, 23793
851 , 98, 23813
850 , 99, 23834
852 , 100, 23855
3968 , 1, 23877
3968 , 1, 23898
7759 , 35, 23919
3151 , 34, 23939
10208 , 124, 23959
10252 , 124, 23979
836 , 86, 23999
15940 , 446, 24020
859 , 105, 24060
862 , 106, 24082
3968 , 1, 24102
3968 , 1, 24124
6607 , 32, 24145
1359 , 33, 24166
10399 , 124, 24187
10445 , 124, 24209
14788 , 66, 24230
3844 , 402, 24251
9477 , 254, 24273
883 , 112, 24295
889 , 115, 24317
3972 , 363, 24339
3972 , 343, 24361
4175 , 32, 24383
15567 , 31, 24406
10648 , 124, 24428
10693 , 124, 24450
10738 , 124, 24472
13637 , 450, 24494
9798 , 310, 24515
926 , 121, 24537
936 , 122, 24559
3972 , 435, 24581
3972 , 455, 24602
2383 , 30, 24623
13647 , 30, 24645
8911 , 30, 24666
10943 , 124, 24687
10986 , 124, 24709
11142 , 474, 24731
967 , 290, 24753
998 , 129, 24775
1013 , 129, 24797
3972 , 19, 24818
3972 , 73, 24840
3407 , 28, 24862
14543 , 28, 24883
9423 , 29, 24906
11210 , 124, 24927
11254 , 122, 24949
1927 , 482, 24970
13768 , 322, 24992
1106 , 137, 25014
1127 , 138, 25037
3972 , 57, 25058
3972 , 171, 25081
3972 , 261, 25102
15183 , 28, 25124
10703 , 27, 25146
11467 , 124, 25167
11510 , 124, 25189
13065 , 22, 25211
10057 , 386, 25232
1263 , 144, 25254
1291 , 145, 25275
1314 , 147, 25298
3972 , 355, 25319
3972 , 509, 25340
14415 , 30, 25361
9679 , 29, 25382
204 , 124, 25403
250 , 124, 25424
16266 , 54, 25446
14218 , 378, 25468
974 , 153, 25490
822 , 155, 25511
800 , 155, 25533
3972 , 359, 25555
3972 , 35, 25577
14159 , 30, 25598
8527 , 31, 25620
466 , 124, 25642
510 , 124, 25664
7179 , 102, 25686
6539 , 454, 25707
5899 , 298, 25730
768 , 163, 25751
765 , 164, 25773
3972 , 211, 25795
3972 , 511, 25817
14031 , 32, 25838
8527 , 32, 25859
715 , 124, 25881
758 , 124, 25903
803 , 74, 25925
5004 , 410, 25947
5132 , 250, 25970
820 , 171, 25992
0 , 178, 26014
3972 , 347, 26035
3972 , 121, 26057
7631 , 0, 26078
2511 , 69, 26100
973 , 124, 26122
1018 , 124, 26144
1062 , 124, 26166
6989 , 414, 26189
7373 , 246, 26210
0 , 185, 26232
0 , 186, 26254
3972 , 1, 26275
3972 , 435, 26297
7375 , 61, 26319
2127 , 60, 26342
13647 , 59, 26364
1268 , 124, 26386
1311 , 124, 26408
13198 , 326, 26430
14798 , 142, 26451
1071 , 186, 26474
1067 , 186, 26496
3972 , 160, 26518
3972 , 82, 26540
9295 , 55, 26582
4047 , 53, 26604
1484 , 124, 26626
1544 , 124, 26647
6543 , 2, 26670
9807 , 346, 26692
0 , 199, 26714
1078 , 194, 26736
3971 , 366, 26778
3971 , 348, 26800
463 , 50, 26822
11727 , 50, 26844
1716 , 124, 26866
1761 , 124, 26889
4175 , 154, 26911
8079 , 486, 26934
1095 , 199, 26956
1087 , 200, 26978
1093 , 202, 27001
3971 , 42, 27023
3971 , 30, 27046
463 , 47, 27069
11599 , 46, 27091
1964 , 124, 27114
2012 , 124, 27136
12048 , 86, 27158
272 , 422, 27180
6225 , 266, 27203
1148 , 209, 27225
1157 , 210, 27247
3971 , 434, 27269
3971 , 418, 27291
14671 , 45, 27314
9679 , 45, 27335
2219 , 124, 27358
2263 , 124, 27380
13265 , 510, 27422
5073 , 338, 27445
1208 , 214, 27467
1225 , 216, 27489
3971 , 510, 27511
3971 , 94, 27533
335 , 44, 27555
11599 , 44, 27578
2418 , 124, 27620
2465 , 124, 27642
10450 , 478, 27665
13330 , 330, 27687
1258 , 220, 27710
1248 , 222, 27731
3971 , 324, 27754
3971 , 390, 27775
2639 , 45, 27797
14415 , 45, 27818
8527 , 45, 27840
2667 , 124, 27862
2715 , 124, 27884
9939 , 122, 27906
3539 , 498, 27927
1165 , 228, 27949
1190 , 230, 27970
3971 , 330, 27992
3971 , 390, 28014
3971 , 426, 28037
11983 , 44, 28059
6735 , 45, 28081
2918 , 124, 28103
2959 , 124, 28125
15764 , 54, 28146
4500 , 390, 28168
1273 , 236, 28190
1311 , 237, 28213
3972 , 188, 28256
3972 , 264, 28278
13135 , 46, 28301
8399 , 47, 28323
3121 , 124, 28346
3163 , 124, 28368
14613 , 122, 28391
13589 , 462, 28414
1252 , 243, 28436
1212 , 244, 28459
1189 , 245, 28481
3976 , 98, 28504
3976 , 422, 28526
11087 , 44, 28549
6351 , 41, 28571
3357 , 124, 28594
3401 , 124, 28616
3606 , 474, 28638
6806 , 286, 28661
598 , 98, 28683
1121 , 251, 28706
1110 , 252, 28728
3975 , 298, 28750
3975 , 442, 28773
8015 , 41, 28796
2511 , 42, 28818
3600 , 124, 28840
3643 , 124, 28862
3688 , 124, 28885
11159 , 178, 28907
11095 , 38, 28929
1067 , 259, 28952
1060 , 260, 28974
3974 , 132, 28997
3974 , 460, 29019
5839 , 43, 29042
5199 , 43, 29064
3845 , 124, 29087
3890 , 124, 29110
3934 , 124, 29132
14168 , 150, 29155
15128 , 10, 29178
1029 , 267, 29200
1021 , 268, 29222
3974 , 58, 29245
3974 , 382, 29267
10959 , 29, 29290
5583 , 28, 29313
330 , 29, 29335
4144 , 124, 29358
4189 , 124, 29381
2009 , 198, 29403
3993 , 30, 29426
887 , 275, 29448
889 , 276, 29470
3973 , 330, 29493
3909 , 256, 29515
3973 , 142, 29537
4303 , 32, 29559
15951 , 31, 29581
4396 , 124, 29603
4437 , 124, 29625
2970 , 142, 29647
6746 , 2, 29670
874 , 283, 29693
873 , 284, 29716
3973 , 420, 29739
3973 , 366, 29762
3973 , 312, 29785
6223 , 29, 29807
1359 , 28, 29830
4647 , 124, 29854
4692 , 124, 29877
9115 , 162, 29900
14299 , 506, 29922
945 , 291, 29945
923 , 292, 29968
940 , 295, 29990
3973 , 210, 30013
3973 , 194, 30035
8911 , 28, 30058
4303 , 27, 30081
4933 , 124, 30103
4974 , 68, 30126
10588 , 258, 30148
604 , 70, 30170
6812 , 300, 30193
991 , 300, 30215
995 , 303, 30237
3973 , 290, 30259
3973 , 358, 30282
9679 , 27, 30304
5711 , 27, 30326
5195 , 124, 30348
5242 , 124, 30371
4061 , 190, 30394
2973 , 26, 30416
2717 , 378, 30438
1060 , 308, 30461
1056 , 311, 30483
3973 , 86, 30506
3973 , 150, 30527
8783 , 27, 30550
3535 , 27, 30572
5443 , 124, 30594
5486 , 124, 30616
5731 , 4, 30638
7902 , 22, 30661
2526 , 386, 30683
0 , 323, 30706
2189 , 317, 30728
3973 , 162, 30750
3973 , 496, 30771
6095 , 27, 30794
1103 , 27, 30815
12783 , 124, 30837
5725 , 124, 30858
5763 , 124, 30881
8607 , 426, 30902
12895 , 234, 30925
1964 , 323, 30946
1920 , 324, 30969
3973 , 330, 30990
3973 , 496, 31012
2383 , 26, 31034
12495 , 26, 31055
8399 , 27, 31078
5964 , 124, 31099
6006 , 124, 31122
1952 , 322, 31143
14496 , 182, 31166
1758 , 331, 31187
1727 , 333, 31209
3973 , 78, 31231
3973 , 256, 31253
3971 , 398, 31275
8527 , 29, 31297
4175 , 28, 31319
6204 , 124, 31341
6248 , 124, 31363
3681 , 282, 31385
14241 , 130, 31406
1622 , 338, 31428
1602 , 341, 31450
3971 , 208, 31491
3971 , 260, 31513
10703 , 30, 31535
5199 , 31, 31558
6409 , 124, 31579
6452 , 124, 31602
546 , 406, 31623
14690 , 226, 31645
1541 , 345, 31667
1522 , 346, 31689
1518 , 348, 31710
3972 , 416, 31732
3972 , 250, 31754
6351 , 32, 31775
1103 , 33, 31797
6651 , 124, 31819
6697 , 124, 31841
8611 , 298, 31863
8291 , 130, 31885
9315 , 470, 31907
1466 , 355, 31929
1458 , 356, 31951
3971 , 172, 31974
3971 , 60, 31995
2127 , 37, 32018
13263 , 37, 32039
6893 , 124, 32062
6937 , 124, 32084
6982 , 124, 32106
13668 , 46, 32129
14756 , 398, 32150
1436 , 3, 32173
1434 , 3, 32195
3971 , 168, 32218
3971 , 106, 32240
14671 , 41, 32262
9679 , 41, 32285
7135 , 124, 32307
7180 , 124, 32330
7227 , 124, 32352
16101 , 414, 32374
3749 , 242, 32397
1435 , 10, 32419
1436 , 11, 32441
3971 , 366, 32463
3971 , 312, 32486
2123 , 25, 32507
13387 , 24, 32530
8136 , 24, 32551
7423 , 124, 32574
7466 , 124, 32596
8870 , 298, 32618
11110 , 138, 32641
1456 , 17, 32663
1464 , 19, 32686
3971 , 188, 32707
3971 , 180, 32729
3983 , 23, 32751
5711 , 27, 32774
1103 , 26, 32796
7656 , 124, 32818
7700 , 124, 32840
1703 , 74, 32862
40 , 74, 32883
1506 , 25, 32906
1517 , 26, 32927
3971 , 148, 32950
3971 , 162, 32972
3971 , 168, 32994
3151 , 0, 33016
8911 , 0, 33038
7891 , 124, 33059
7933 , 124, 33082
7335 , 194, 33103
10344 , 30, 33126
1290 , 32, 33147
1276 , 33, 33169
1295 , 35, 33191
3971 , 246, 33213
3971 , 264, 33234
9039 , 0, 33255
4047 , 33, 33278
8130 , 124, 33299
8175 , 124, 33321
6888 , 106, 33342
13032 , 462, 33364
1361 , 39, 33406
1383 , 40, 33427
3971 , 432, 33449
3971 , 470, 33471
13007 , 32, 33493
7247 , 32, 33515
8336 , 124, 33538
8382 , 124, 33559
745 , 206, 33581
10729 , 34, 33603
3433 , 394, 33625
946 , 47, 33647
933 , 48, 33669
3971 , 252, 33691
3971 , 332, 33713
9423 , 33, 33735
4047 , 33, 33757
8584 , 124, 33778
8629 , 124, 33800
8674 , 124, 33822
12458 , 454, 33845
8810 , 294, 33866
932 , 54, 33889
953 , 57, 33911
3971 , 293, 33934
3971 , 379, 33956
4303 , 33, 33978
15567 , 34, 34001
10191 , 34, 34023
8868 , 124, 34046
8909 , 124, 34069
8747 , 342, 34091
5931 , 178, 34113
1045 , 63, 34135
1026 , 64, 34158
3972 , 1, 34180
3972 , 189, 34203
1231 , 35, 34226
11727 , 36, 34248
6607 , 37, 34270
9110 , 124, 34292
9154 , 124, 34314
12652 , 230, 34337
11116 , 86, 34359
960 , 70, 34382
949 , 71, 34404
3972 , 53, 34427
3972 , 327, 34449
3973 , 57, 34471
5967 , 39, 34494
847 , 38, 34515
9342 , 124, 34538
9386 , 124, 34559
6848 , 122, 34582
6464 , 470, 34605
906 , 78, 34627
897 , 78, 34649
837 , 29, 34671
3972 , 399, 34693
2179 , 449, 34715
4815 , 37, 34737
14927 , 34, 34758
9586 , 124, 34781
9632 , 124, 34802
7361 , 26, 34823
8193 , 362, 34845
870 , 85, 34866
865 , 86, 34888
860 , 88, 34910
3971 , 25, 34931
3971 , 31, 34954
14927 , 37, 34975
9807 , 37, 34997
9830 , 124, 35018
9870 , 124, 35039
15554 , 418, 35061
962 , 242, 35082
2946 , 78, 35103
853 , 95, 35125
851 , 96, 35147
3971 , 41, 35168
3971 , 499, 35189
12751 , 37, 35210
7759 , 37, 35231
10278 , 124, 35252
10086 , 124, 35273
12995 , 286, 35314
8195 , 138, 35336
852 , 101, 35357
853 , 102, 35377
3968 , 1, 35398
3972 , 57, 35417
13647 , 34, 35437
9167 , 32, 35457
10237 , 124, 35477
10281 , 124, 35498
10328 , 124, 35518
3844 , 206, 35538
7044 , 58, 35558
867 , 108, 35579
869 , 109, 35599
3972 , 403, 35620
3971 , 407, 35641
11343 , 30, 35662
6991 , 31, 35682
1743 , 31, 35703
10528 , 124, 35724
10574 , 124, 35745
15621 , 94, 35766
5189 , 434, 35787
897 , 115, 35810
906 , 116, 35831
3972 , 385, 35853
3971 , 321, 35874
3968 , 28, 35896
5327 , 28, 35918
463 , 29, 35939
10783 , 124, 35960
10828 , 124, 35982
6982 , 210, 36004
5894 , 42, 36026
951 , 123, 36047
963 , 124, 36070
3972 , 485, 36091
3972 , 13, 36114
3972 , 67, 36135
5327 , 27, 36158
335 , 27, 36181
11032 , 124, 36203
11077 , 124, 36225
5191 , 42, 36248
455 , 410, 36270
1029 , 130, 36293
1047 , 133, 36316
1064 , 134, 36339
3972 , 311, 36362
3972 , 381, 36384
3535 , 26, 36407
14031 , 26, 36430
11284 , 124, 36452
11329 , 124, 36475
11080 , 66, 36498
7560 , 422, 36521
1148 , 138, 36564
1172 , 140, 36586
3972 , 243, 36609
3972 , 313, 36631
7503 , 27, 36654
2383 , 27, 36676
11496 , 124, 36698
18 , 124, 36722
11273 , 214, 36744
9353 , 54, 36766
6217 , 406, 36789
1306 , 147, 36811
1325 , 148, 36833
3972 , 449, 36855
3972 , 473, 36878
9039 , 23, 36900
4431 , 24, 36922
235 , 124, 36944
279 , 124, 36966
322 , 124, 36988
13130 , 70, 37010
11658 , 426, 37032
801 , 154, 37054
791 , 157, 37077
3972 , 497, 37098
3972 , 167, 37120
5967 , 25, 37142
463 , 27, 37163
11855 , 28, 37185
527 , 124, 37206
569 , 124, 37227
6667 , 26, 37250
6027 , 402, 37271
767 , 162, 37293
767 , 165, 37314
3972 , 485, 37336
3972 , 87, 37357
1103 , 31, 37378
10959 , 31, 37401
591 , 36, 37423
768 , 124, 37445
812 , 124, 37466
5132 , 438, 37488
5132 , 266, 37510
824 , 170, 37531
821 , 171, 37553
3972 , 315, 37575
3972 , 141, 37597
3972 , 391, 37619
591 , 70, 37641
11727 , 67, 37662
1007 , 124, 37684
1051 , 124, 37706
6157 , 282, 37728
6989 , 106, 37750
910 , 177, 37773
0 , 185, 37795
1039 , 181, 37817
3972 , 125, 37839
3972 , 9, 37861
14031 , 61, 37883
9039 , 58, 37905
1247 , 124, 37927
1292 , 124, 37950
12430 , 110, 37972
14030 , 486, 37994
1072 , 184, 38015
1065 , 187, 38038
1069 , 187, 38059
3971 , 506, 38082
3971 , 438, 38104
9935 , 55, 38126
5199 , 53, 38149
1489 , 124, 38171
1551 , 124, 38194
6607 , 30, 38217
9871 , 366, 38239
11663 , 210, 38262
1073 , 194, 38284
1082 , 195, 38307
3971 , 56, 38330
3971 , 496, 38352
7759 , 50, 38374
2895 , 49, 38397
1752 , 124, 38419
1793 , 124, 38442
1837 , 406, 38465
10576 , 230, 38488
14352 , 66, 38510
1090 , 201, 38533
1098 , 202, 38555
3971 , 312, 38578
3971 , 278, 38601
5967 , 47, 38623
975 , 46, 38646
1994 , 124, 38669
2037 , 124, 38691
2083 , 124, 38713
4689 , 158, 38735
9553 , 502, 38757
1155 , 209, 38778
1171 , 210, 38801
3970 , 270, 38822
3970 , 264, 38845
5455 , 45, 38866
591 , 45, 38888
12111 , 44, 38910
2293 , 124, 38932
2338 , 124, 38953
10386 , 66, 38975
2258 , 398, 38997
1238 , 217, 39018
1258 , 219, 39039
3970 , 14, 39061
3970 , 304, 39082
3983 , 45, 39104
335 , 45, 39126
11983 , 45, 39147
2553 , 124, 39169
2596 , 124, 39191
11347 , 22, 39212
14035 , 46, 39234
1161 , 225, 39256
1128 , 226, 39278
3971 , 280, 39301
3971 , 356, 39323
3971 , 228, 39346
14799 , 45, 39369
9295 , 44, 39391
2794 , 124, 39413
2841 , 124, 39435
20 , 158, 39458
852 , 506, 39479
1197 , 232, 39502
1202 , 234, 39525
1219 , 235, 39547
3972 , 172, 39569
3972 , 294, 39591
12495 , 45, 39614
7375 , 46, 39636
3045 , 124, 39658
3089 , 124, 39681
853 , 30, 39703
15253 , 406, 39726
1265 , 241, 39768
1249 , 242, 39791
3977 , 454, 39814
3977 , 354, 39836
13519 , 46, 39859
8783 , 47, 39882
3245 , 124, 39905
3289 , 124, 39927
22 , 146, 39950
1941 , 314, 39973
6550 , 242, 39996
1138 , 248, 40018
1115 , 249, 40042
3976 , 104, 40065
3975 , 228, 40087
14287 , 40, 40110
9423 , 41, 40133
3497 , 124, 40155
3539 , 124, 40178
3584 , 124, 40201
13270 , 362, 40225
10775 , 170, 40247
1016 , 256, 40270
990 , 257, 40293
3975 , 290, 40316
3975 , 16, 40338
11599 , 43, 40362
6095 , 44, 40384
1487 , 44, 40407
3779 , 124, 40430
3823 , 124, 40453
24 , 398, 40475
24 , 234, 40498
947 , 264, 40521
944 , 264, 40543
3974 , 44, 40566
3974 , 348, 40590
10959 , 28, 40613
5199 , 29, 40635
16335 , 29, 40658
4014 , 124, 40681
4058 , 124, 40703
536 , 54, 40726
1944 , 418, 40749
904 , 270, 40771
899 , 273, 40794
3974 , 226, 40817
3974 , 88, 40839
3973 , 488, 40862
15567 , 35, 40883
10319 , 33, 40906
4250 , 124, 40929
4293 , 124, 40951
10201 , 474, 40974
12121 , 310, 40997
895 , 279, 41020
902 , 280, 41042
912 , 280, 41065
3973 , 66, 41088
3973 , 12, 41110
11855 , 30, 41133
6607 , 31, 41156
4480 , 124, 41178
4522 , 124, 41201
8922 , 262, 41223
11738 , 102, 41246
921 , 286, 41269
916 , 287, 41292
929 , 289, 41315
3973 , 324, 41338
3973 , 234, 41361
6607 , 28, 41383
2383 , 29, 41406
4714 , 124, 41429
4756 , 124, 41451
16027 , 86, 41474
13339 , 434, 41497
2267 , 286, 41519
954 , 295, 41542
954 , 296, 41564
3973 , 198, 41586
3973 , 184, 41609
975 , 27, 41631
12111 , 27, 41654
4964 , 124, 41677
5006 , 124, 41699
5053 , 430, 41722
3932 , 266, 41744
10780 , 118, 41766
1012 , 302, 41789
1029 , 302, 41811
3973 , 336, 41833
3973 , 356, 41855
14159 , 27, 41877
8655 , 27, 41900
5209 , 124, 41922
5254 , 124, 41946
5290 , 124, 41968
9117 , 154, 41991
9373 , 486, 42014
1208 , 308, 42036
0 , 317, 42058
3973 , 84, 42081
3973 , 146, 42103
9039 , 27, 42126
3663 , 27, 42149
15311 , 27, 42171
5486 , 124, 42194
5729 , 4, 42217
158 , 470, 42239
10078 , 318, 42262
2255 , 316, 42285
2190 , 317, 42307
3973 , 186, 42330
3973 , 44, 42353
3983 , 27, 42375
15951 , 27, 42398
11343 , 27, 42420
5721 , 124, 42442
5757 , 124, 42465
863 , 370, 42487
13087 , 218, 42510
1963 , 323, 42532
1918 , 324, 42554
3973 , 318, 42576
3973 , 480, 42598
3973 , 142, 42621
11471 , 26, 42643
6095 , 27, 42666
5951 , 124, 42689
5998 , 124, 42711
4704 , 290, 42733
14816 , 150, 42755
1757 , 331, 42777
1726 , 332, 42799
1700 , 334, 42821
3973 , 234, 42843
3971 , 394, 42865
9423 , 29, 42886
4431 , 28, 42908
6205 , 124, 42929
6248 , 124, 42950
5537 , 254, 42970
3553 , 86, 42991
1617 , 338, 43013
1602 , 341, 43034
1581 , 342, 43055
3971 , 258, 43077
3971 , 346, 43099
3151 , 31, 43121
14543 , 30, 43142
6446 , 124, 43164
6487 , 124, 43186
15522 , 102, 43208
11298 , 458, 43230
11618 , 290, 43252
1516 , 348, 43274
1503 , 349, 43296
3972 , 260, 43318
3972 , 118, 43341
847 , 33, 43363
12239 , 34, 43386
6694 , 124, 43409
6736 , 124, 43430
6782 , 124, 43453
10851 , 422, 43475
12451 , 250, 43497
1460 , 356, 43519
1454 , 356, 43542
3971 , 56, 43565
3971 , 478, 43588
13647 , 37, 43610
8399 , 39, 43633
6941 , 124, 43676
6984 , 124, 43699
16036 , 26, 43721
740 , 358, 43744
1436 , 3, 43766
1435 , 3, 43788
3971 , 162, 43810
3971 , 92, 43833
975 , 41, 43875
12111 , 40, 43898
7146 , 124, 43921
7193 , 124, 43942
8613 , 74, 43964
10917 , 426, 43986
1434 , 9, 44007
1435 , 10, 44030
3971 , 416, 44052
3971 , 352, 44074
3971 , 316, 44097
2252 , 25, 44119
13387 , 24, 44141
7380 , 124, 44162
7426 , 124, 44183
12453 , 414, 44205
2342 , 246, 44227
1452 , 16, 44249
1456 , 16, 44271
1464 , 19, 44293
3971 , 186, 44314
3971 , 180, 44336
10447 , 23, 44358
6095 , 27, 44381
7607 , 124, 44403
7651 , 124, 44425
39 , 370, 44447
39 , 210, 44469
1490 , 22, 44510
1505 , 25, 44532
3971 , 132, 44554
3971 , 144, 44575
12239 , 25, 44596
8896 , 25, 44618
7807 , 124, 44639
7851 , 124, 44661
40 , 422, 44701
40 , 262, 44722
1432 , 29, 44744
1350 , 30, 44766
3971 , 184, 44787
3971 , 196, 44809
9423 , 28, 44831
8271 , 29, 44852
7995 , 124, 44873
8040 , 124, 44894
8087 , 124, 44915
11752 , 442, 44937
1064 , 282, 44958
1320 , 36, 44980
1340 , 38, 45001
3971 , 328, 45022
3971 , 376, 45043
5199 , 31, 45064
15823 , 32, 45086
11471 , 32, 45107
8287 , 124, 45128
8332 , 124, 45150
8745 , 350, 45171
745 , 202, 45193
1420 , 45, 45214
1383 , 46, 45234
3971 , 108, 45256
3971 , 180, 45278
6976 , 26, 45298
12623 , 0, 45320
8143 , 33, 45342
8534 , 124, 45363
8578 , 124, 45384
5994 , 278, 45405
1130 , 134, 45426
922 , 53, 45448
927 , 54, 45469
3971 , 70, 45490
3971 , 184, 45512
3971 , 301, 45534
11983 , 34, 45554
6863 , 33, 45575
8785 , 124, 45595
8830 , 124, 45617
12971 , 246, 45638
10219 , 90, 45659
1076 , 60, 45681
1056 , 61, 45703
1038 , 62, 45725
3972 , 415, 45746
3972 , 79, 45768
9167 , 35, 45790
3535 , 36, 45811
9027 , 124, 45834
9074 , 124, 45855
14892 , 158, 45878
13612 , 18, 45900
981 , 68, 45942
967 , 69, 45964
3972 , 237, 45986
3972 , 463, 46007
11599 , 36, 46030
6095 , 37, 46051
9229 , 124, 46073
9274 , 124, 46094
8832 , 222, 46136
7424 , 74, 46158
926 , 75, 46179
919 , 75, 46201
3973 , 259, 46223
3973 , 419, 46244
13775 , 39, 46265
8783 , 39, 46286
9435 , 124, 46308
9478 , 124, 46330
9521 , 124, 46351
6721 , 178, 46373
7169 , 18, 46395
881 , 82, 46417
876 , 83, 46437
3971 , 273, 46458
3203 , 173, 46478
11983 , 35, 46499
6607 , 37, 46521
1615 , 37, 46542
9719 , 124, 46564
9764 , 124, 46586
11970 , 90, 46607
12674 , 426, 46629
857 , 89, 46651
856 , 90, 46673
3970 , 503, 46694
3971 , 1, 46715
9295 , 38, 46737
3407 , 40, 46758
14415 , 41, 46779
9948 , 124, 46801
9993 , 124, 46822
8067 , 74, 46843
9731 , 430, 46865
850 , 97, 46886
851 , 98, 46907
131 , 405, 46929
128 , 1, 46949
3968 , 1, 46970
1999 , 40, 46990
13135 , 40, 47011
10195 , 124, 47033
10240 , 124, 47054
4484 , 2, 47075
15044 , 374, 47096
858 , 104, 47117
860 , 107, 47138
866 , 108, 47158
3968 , 1, 47179
3972 , 405, 47199
13647 , 36, 47221
8271 , 37, 47242
10433 , 124, 47263
10478 , 124, 47285
2436 , 322, 47306
6661 , 150, 47327
880 , 113, 47349
887 , 114, 47370
895 , 114, 47392
3972 , 357, 47414
3972 , 329, 47435
7887 , 34, 47458
2383 , 33, 47479
10669 , 124, 47501
10713 , 124, 47522
5381 , 142, 47545
10822 , 110, 47566
8390 , 474, 47589
934 , 120, 47611
942 , 123, 47633
3972 , 443, 47654
3972 , 445, 47675
4943 , 33, 47696
15439 , 32, 47718
10909 , 124, 47739
10954 , 124, 47761
10998 , 124, 47782
11462 , 510, 47803
2375 , 338, 47824
998 , 129, 47845
1013 , 129, 47865
3972 , 493, 47886
3972 , 59, 47907
14159 , 30, 47928
9295 , 30, 47950
11140 , 124, 47990
11185 , 124, 48011
9159 , 422, 48032
4103 , 246, 48053
1072 , 134, 48074
1091 , 135, 48094
3972 , 367, 48115
3972 , 477, 48137
12751 , 31, 48178
7631 , 29, 48199
11325 , 124, 48220
11370 , 124, 48242
7688 , 378, 48263
3336 , 226, 48285
1164 , 140, 48306
1190 , 140, 48328
3972 , 287, 48350
3972 , 385, 48371
3972 , 15, 48393
6095 , 31, 48414
591 , 31, 48436
42 , 124, 48458
86 , 124, 48479
7881 , 246, 48502
5193 , 102, 48524
1318 , 146, 48546
1345 , 149, 48567
1289 , 150, 48589
3972 , 381, 48610
3972 , 31, 48632
1999 , 31, 48654
13647 , 33, 48677
281 , 124, 48698
325 , 124, 48721
13066 , 138, 48743
11722 , 474, 48766
803 , 155, 48788
786 , 157, 48810
780 , 158, 48833
3972 , 171, 48855
3972 , 393, 48878
14287 , 35, 48900
8399 , 34, 48922
523 , 124, 48945
567 , 124, 48967
6411 , 6, 48990
6027 , 374, 49013
5387 , 202, 49035
765 , 165, 49058
845 , 165, 49080
3973 , 71, 49102
3973 , 335, 49125
4047 , 82, 49147
15439 , 81, 49170
761 , 124, 49193
803 , 124, 49215
848 , 124, 49238
5132 , 190, 49261
5004 , 38, 49283
819 , 171, 49306
0 , 178, 49329
3973 , 15, 49351
3973 , 417, 49374
12480 , 0, 49396
13135 , 0, 49418
1013 , 124, 49462
1056 , 124, 49485
6349 , 310, 49507
6925 , 150, 49530
0 , 184, 49552
0 , 185, 49574
3972 , 193, 49596
3972 , 7, 49618
5839 , 61, 49661
719 , 60, 49683
1218 , 124, 49706
1262 , 124, 49728
11149 , 406, 49750
13262 , 226, 49771
1068 , 184, 49793
1069 , 185, 49814
3972 , 0, 49835
3972 , 404, 49857
3972 , 272, 49878
5327 , 54, 49901
335 , 54, 49922
1470 , 124, 49943
1528 , 124, 49965
5710 , 370, 49986
8015 , 194, 50009
0 , 199, 50030
1076 , 193, 50051
1080 , 195, 50074
3972 , 386, 50095
3972 , 318, 50117
3279 , 51, 50139
14671 , 50, 50161
1728 , 124, 50183
1771 , 124, 50205
4943 , 186, 50226
8720 , 30, 50248
1093 , 199, 50290
1088 , 201, 50311
3972 , 54, 50332
3971 , 480, 50354
3663 , 48, 50376
14799 , 47, 50398
1914 , 124, 50419
1958 , 124, 50441
6032 , 194, 50481
10832 , 10, 50501
1127 , 205, 50522
1136 , 206, 50543
3971 , 196, 50565
3971 , 194, 50586
2767 , 47, 50608
13903 , 46, 50629
2108 , 124, 50650
2151 , 124, 50671
2196 , 124, 50691
2833 , 482, 50713
9169 , 322, 50734
1186 , 213, 50755
1197 , 214, 50776
3971 , 110, 50798
3971 , 194, 50819
14415 , 44, 50839
9423 , 44, 50860
3791 , 45, 50882
2389 , 124, 50902
2434 , 124, 50922
8466 , 306, 50943
14610 , 138, 50965
1277 , 220, 50986
1269 , 221, 51006
3971 , 440, 51027
3972 , 18, 51049
9679 , 45, 51090
4431 , 45, 51110
2585 , 124, 51131
2629 , 124, 51153
14611 , 482, 51174
8595 , 346, 51195
1126 , 227, 51216
1145 , 227, 51238
3972 , 62, 51278
3972 , 132, 51300
8527 , 45, 51322
3791 , 45, 51343
2771 , 124, 51365
2816 , 124, 51386
787 , 430, 51408
660 , 290, 51430
1177 , 232, 51451
1200 , 232, 51473
1232 , 235, 51495
3968 , 0, 51517
3968 , 0, 51538
3279 , 45, 51559
14031 , 46, 51580
3009 , 124, 51602
3054 , 124, 51622
1876 , 266, 51643
16341 , 114, 51665
15317 , 458, 51686
1397 , 241, 51707
1372 , 242, 51729
3972 , 488, 51750
3972 , 136, 51772
15567 , 47, 51794
10959 , 47, 51815
3246 , 124, 51837
3289 , 124, 51858
22 , 202, 51880
12053 , 394, 51902
6102 , 302, 51924
1777 , 248, 51946
2036 , 248, 51968
3968 , 0, 51990
3975 , 228, 52012
14543 , 40, 52034
9295 , 41, 52055
3496 , 124, 52078
3537 , 124, 52099
3583 , 124, 52121
12694 , 378, 52142
10775 , 174, 52165
1187 , 256, 52186
1167 , 257, 52209
3975 , 224, 52230
3974 , 480, 52251
11215 , 43, 52273
6223 , 44, 52295
1231 , 44, 52317
3779 , 124, 52339
3822 , 124, 52361
11159 , 306, 52383
24 , 226, 52404
1112 , 263, 52426
1088 , 264, 52447
3974 , 8, 52470
3974 , 342, 52491
12751 , 28, 52513
7887 , 29, 52535
2511 , 29, 52557
4021 , 124, 52578
4063 , 124, 52599
920 , 142, 52621
2328 , 482, 52642
1047 , 271, 52664
1048 , 273, 52686
3974 , 194, 52707
3974 , 64, 52730
3973 , 454, 52751
1487 , 34, 52773
12751 , 33, 52795
4260 , 124, 52817
4301 , 124, 52839
10777 , 22, 52861
12761 , 386, 52883
980 , 278, 52905
975 , 281, 52927
931 , 281, 52949
3973 , 46, 52970
3973 , 456, 52993
719 , 30, 53014
12111 , 31, 53036
4501 , 124, 53058
4544 , 124, 53080
10394 , 474, 53102
14170 , 294, 53123
945 , 287, 53166
950 , 288, 53188
3973 , 300, 53210
3973 , 288, 53232
2383 , 28, 53254
13903 , 28, 53275
4697 , 124, 53297
4738 , 124, 53318
14299 , 2, 53359
2011 , 362, 53381
976 , 292, 53402
989 , 294, 53424
3973 , 198, 53446
3973 , 210, 53467
6223 , 28, 53488
463 , 27, 53510
4921 , 124, 53532
4968 , 76, 53554
5008 , 124, 53575
14620 , 434, 53597
4124 , 274, 53618
1099 , 301, 53640
1120 , 301, 53661
3973 , 250, 53682
3973 , 310, 53704
975 , 26, 53725
12111 , 27, 53746
7503 , 27, 53767
5206 , 124, 53790
5247 , 124, 53811
1629 , 274, 53832
5789 , 118, 53853
2614 , 306, 53874
2648 , 309, 53896
3973 , 20, 53918
3973 , 96, 53939
13263 , 27, 53960
7887 , 27, 53982
2255 , 27, 54002
5436 , 124, 54023
5480 , 124, 54044
13150 , 78, 54066
3294 , 438, 54086
1253 , 314, 54107
1249 , 317, 54129
3974 , 54, 54150
3973 , 234, 54170
3973 , 80, 54191
3791 , 27, 54212
15695 , 27, 54234
5680 , 124, 54254
5720 , 124, 54275
7327 , 418, 54295
5855 , 262, 54317
2007 , 323, 54338
1962 , 323, 54359
1908 , 324, 54380
3973 , 336, 54402
3973 , 504, 54422
16207 , 26, 54443
10831 , 26, 54465
5910 , 124, 54486
5953 , 124, 54507
6816 , 274, 54529
608 , 106, 54550
1795 , 329, 54591
1760 , 330, 54613
3973 , 84, 54634
3973 , 96, 54656
1231 , 28, 54678
11727 , 28, 54699
6112 , 124, 54721
6359 , 4, 54742
13920 , 410, 54785
10209 , 274, 54807
1670 , 336, 54829
1644 , 337, 54851
3971 , 282, 54874
3971 , 186, 54895
847 , 28, 54918
11855 , 29, 54940
6294 , 124, 54962
6339 , 124, 54985
6383 , 124, 55007
15521 , 286, 55030
15458 , 150, 55052
1563 , 343, 55074
1546 , 344, 55097
3971 , 76, 55119
3972 , 154, 55142
12879 , 31, 55165
7759 , 32, 55187
2383 , 33, 55210
6586 , 124, 55233
6632 , 124, 55254
11426 , 482, 55277
9699 , 270, 55299
1486 , 350, 55322
1478 , 353, 55343
3971 , 468, 55366
3971 , 324, 55388
8399 , 34, 55410
3407 , 35, 55431
14671 , 37, 55454
6830 , 124, 55475
6873 , 124, 55498
10531 , 342, 55520
14948 , 130, 55542
1449 , 359, 55564
1440 , 0, 55586
3971 , 358, 55607
3971 , 304, 55630
3971 , 202, 55653
13263 , 40, 55674
8015 , 40, 55697
7061 , 124, 55719
7106 , 124, 55741
37 , 22, 55762
1892 , 238, 55783
1434 , 6, 55805
1432 , 6, 55826
1435 , 9, 55847
3971 , 458, 55868
3971 , 420, 55890
10440 , 25, 55910
5327 , 24, 55931
7287 , 124, 55953
7330 , 124, 55974
15013 , 182, 55995
2021 , 502, 56017
1440 , 12, 56038
1446 , 15, 56059
1452 , 15, 56081
3971 , 232, 56102
3971 , 208, 56122
7887 , 24, 56144
2255 , 24, 56165
7525 , 124, 56187
7568 , 124, 56209
486 , 370, 56230
8038 , 210, 56252
12070 , 54, 56273
1482 , 22, 56294
1490 , 22, 56314
3971 , 156, 56336
3971 , 152, 56358
1103 , 25, 56379
13007 , 25, 56400
7763 , 124, 56422
7806 , 124, 56443
7845 , 124, 56465
11047 , 246, 56486
487 , 90, 56506
1425 , 29, 56528
1338 , 30, 56549
3971 , 180, 56570
3971 , 202, 56591
12367 , 28, 56613
7759 , 29, 56634
7992 , 124, 56655
8036 , 124, 56677
8079 , 124, 56699
10792 , 506, 56721
14888 , 358, 56742
1320 , 36, 56763
1342 , 39, 56785
3971 , 328, 56805
3971 , 374, 56826
5071 , 31, 56846
79 , 32, 56867
11983 , 32, 56887
8269 , 124, 56908
8313 , 124, 56930
10153 , 350, 56951
809 , 206, 56974
1425 , 45, 56995
1389 , 45, 57017
3971 , 106, 57038
3971 , 170, 57060
3971 , 244, 57081
207 , 0, 57102
5711 , 0, 57125
8499 , 124, 57147
8542 , 124, 57169
8234 , 170, 57191
2026 , 10, 57213
921 , 52, 57234
922 , 53, 57256
3971 , 8, 57278
3971 , 120, 57300
3971 , 220, 57322
3663 , 34, 57344
14287 , 34, 57366
8757 , 124, 57388
8800 , 124, 57410
235 , 458, 57431
13739 , 314, 57452
1095 , 58, 57474
1076 , 61, 57496
1054 , 61, 57518
3972 , 255, 57539
3972 , 415, 57561
12623 , 34, 57582
7119 , 35, 57603
8977 , 124, 57625
9021 , 124, 57647
1900 , 210, 57670
15916 , 50, 57691
13612 , 410, 57713
988 , 67, 57734
973 , 68, 57754
3972 , 149, 57776
3972 , 335, 57797
3279 , 36, 57819
14287 , 36, 57841
9196 , 124, 57862
9252 , 124, 57884
9516 , 426, 57906
7744 , 254, 57926
7616 , 106, 57947
926 , 75, 57967
918 , 75, 57989
3973 , 229, 58010
3973 , 405, 58031
10063 , 39, 58053
5711 , 40, 58075
9435 , 124, 58097
9476 , 124, 58119
9518 , 124, 58142
6337 , 38, 58164
6529 , 390, 58186
884 , 81, 58208
879 , 82, 58230
3971 , 409, 58252
2947 , 255, 58274
6095 , 35, 58297
207 , 36, 58318
11599 , 36, 58341
9708 , 124, 58363
9746 , 124, 58385
10817 , 318, 58407
11458 , 174, 58429
859 , 89, 58450
857 , 90, 58473
3971 , 25, 58494
3970 , 507, 58517
12879 , 38, 58539
7887 , 39, 58561
2895 , 39, 58583
9922 , 124, 58605
10173 , 124, 58627
2754 , 86, 58649
6210 , 438, 58670
850 , 96, 58691
851 , 97, 58713
3971 , 489, 58735
3971 , 449, 58757
131 , 417, 58778
207 , 45, 58800
10447 , 46, 58822
10143 , 124, 58843
10184 , 84, 58865
6723 , 406, 58887
1987 , 258, 58909
854 , 102, 58930
855 , 104, 58952
858 , 105, 58974
3971 , 191, 58995
3968 , 1, 59015
5199 , 58, 59036
207 , 67, 59058
10351 , 124, 59080
10395 , 124, 59102
8644 , 206, 59123
13508 , 34, 59145
871 , 110, 59166
874 , 110, 59187
882 , 113, 59208
3972 , 345, 59230
3972 , 337, 59252
4943 , 33, 59274
591 , 31, 59295
10587 , 124, 59317
10632 , 124, 59338
5765 , 502, 59360
13957 , 350, 59381
4549 , 198, 59403
913 , 119, 59425
921 , 120, 59447
3968 , 1, 59468
3968 , 1, 59490
15951 , 29, 59511
11087 , 28, 59533
10825 , 124, 59554
10870 , 124, 59575
10914 , 124, 59597
7174 , 302, 59618
8262 , 142, 59638
969 , 126, 59659
982 , 126, 59679
3972 , 29, 59700
3972 , 71, 59721
10831 , 27, 59742
5199 , 27, 59763
11055 , 124, 59785
11100 , 124, 59806
11144 , 124, 59827
14087 , 54, 59849
9223 , 414, 59869
1050 , 132, 59890
1071 , 134, 59910
3972 , 325, 59930
3972 , 375, 59952
4431 , 27, 59974
15695 , 27, 59994
10319 , 26, 60015
11334 , 124, 60036
11378 , 124, 60057
7176 , 414, 60078
3080 , 270, 60099
1171 , 140, 60121
1195 , 141, 60142
3972 , 313, 60164
3972 , 423, 60185
3972 , 27, 60206
8783 , 27, 60227
4303 , 28, 60248
47 , 124, 60269
90 , 124, 60290
7561 , 282, 60312
4425 , 134, 60333
1318 , 146, 60354
1344 , 149, 60374
3973 , 3, 60395
3972 , 393, 60416
3972 , 41, 60437
2639 , 28, 60458
13007 , 29, 60479
278 , 124, 60501
322 , 124, 60522
12938 , 114, 60543
11338 , 458, 60565
801 , 154, 60586
792 , 157, 60607
778 , 158, 60629
3972 , 155, 60651
3972 , 313, 60673
14415 , 26, 60694
8911 , 26, 60717
510 , 124, 60738
553 , 124, 60760
6603 , 418, 60782
6027 , 278, 60803
5835 , 90, 60825
765 , 164, 60846
850 , 164, 60867
3972 , 279, 60888
3972 , 301, 60910
7503 , 28, 60931
1999 , 29, 60953
742 , 124, 60974
785 , 124, 60997
4876 , 198, 61018
4940 , 22, 61039
4748 , 374, 61061
818 , 170, 61083
0 , 179, 61105
3973 , 143, 61126
3974 , 67, 61148
12617 , 39, 61170
14925 , 40, 61192
971 , 124, 61214
1017 , 124, 61235
1062 , 124, 61257
6477 , 338, 61278
7181 , 174, 61299
0 , 185, 61321
0 , 186, 61342
3976 , 159, 61365
3976 , 169, 61386
4815 , 62, 61408
79 , 60, 61430
11471 , 58, 61451
1252 , 124, 61473
1296 , 124, 61494
12494 , 122, 61517
13902 , 486, 61539
1069 , 184, 61561
1065 , 187, 61582
3971 , 190, 61605
3971 , 58, 61627
463 , 55, 61649
11983 , 55, 61671
6479 , 53, 61694
1495 , 124, 61716
1552 , 124, 61738
6607 , 26, 61761
9935 , 358, 61783
0 , 199, 61805
1074 , 194, 61827
3971 , 174, 61850
3971 , 168, 61873
3971 , 136, 61895
9551 , 50, 61917
4559 , 49, 61939
1753 , 124, 61961
1798 , 124, 61983
6799 , 406, 62006
10448 , 242, 62027
1095 , 200, 62050
1089 , 201, 62073
1097 , 202, 62094
3971 , 336, 62116
3971 , 310, 62138
5199 , 47, 62160
16207 , 46, 62182
1981 , 124, 62203
2026 , 124, 62225
13264 , 186, 62246
2321 , 10, 62267
1141 , 207, 62289
1152 , 209, 62310
1160 , 210, 62332
3971 , 332, 62354
3971 , 322, 62375
14159 , 45, 62397
8655 , 45, 62419
2210 , 124, 62441
2256 , 124, 62462
11473 , 386, 62485
1809 , 238, 62506
10258 , 66, 62529
1218 , 215, 62550
1233 , 216, 62573
3971 , 370, 62595
3971 , 250, 62618
5967 , 45, 62641
1103 , 45, 62662
2444 , 124, 62685
2487 , 124, 62707
2534 , 124, 62729
2962 , 502, 62751
14034 , 366, 62774
1226 , 222, 62795
1184 , 224, 62818
3971 , 420, 62839
3971 , 504, 62862
14415 , 45, 62883
9295 , 45, 62906
2670 , 124, 62928
2713 , 124, 62950
2758 , 124, 62973
3539 , 442, 62995
1491 , 294, 63017
1185 , 230, 63039
1176 , 231, 63061
3971 , 112, 63083
3971 , 174, 63106
7119 , 44, 63129
1999 , 44, 63151
13263 , 45, 63174
2938 , 124, 63197
2986 , 124, 63219
16084 , 194, 63242
3220 , 30, 63266
1265 , 236, 63288
1256 , 238, 63311
3971 , 40, 63334
3971 , 258, 63357
3972 , 24, 63379
8527 , 47, 63402
3023 , 46, 63425
3156 , 124, 63448
3203 , 124, 63471
12373 , 410, 63494
22 , 330, 63517
1132 , 244, 63539
1098 , 245, 63562
132 , 382, 63585
128 , 0, 63608
3968 , 0, 63631
2511 , 42, 63654
13391 , 40, 63677
3383 , 124, 63700
3430 , 124, 63723
23 , 274, 63746
23 , 114, 63769
1009 , 250, 63791
1002 , 253, 63814
990 , 254, 63837
3975 , 96, 63860
3975 , 210, 63882
12111 , 41, 63905
6607 , 42, 63927
3610 , 124, 63949
3650 , 124, 63971
10647 , 358, 63994
12695 , 198, 64016
11479 , 42, 64038
959 , 259, 64061
947 , 260, 64083
3974 , 144, 64105
3974 , 420, 64126
3919 , 44, 64148
2383 , 43, 64170
3831 , 124, 64193
3872 , 124, 64215
24 , 262, 64237
14296 , 454, 64259
14936 , 290, 64281
925 , 267, 64302
916 , 268, 64324
3974 , 238, 64346
3974 , 66, 64369
15567 , 29, 64390
10063 , 29, 64413
4047 , 124, 64455
4090 , 124, 64477
1112 , 322, 64499
16281 , 158, 64522
889 , 272, 64544
887 , 273, 64566
3974 , 174, 64589
3974 , 18, 64611
7759 , 31, 64634
2383 , 34, 64656
14543 , 33, 64678
4258 , 124, 64701
4301 , 124, 64723
10073 , 434, 64745
12185 , 266, 64766
869 , 279, 64787
866 , 280, 64809
3973 , 144, 64829
3973 , 76, 64850
3973 , 15, 64872
10959 , 30, 64894
5327 , 30, 64915
4474 , 124, 64935
4519 , 124, 64957
8602 , 202, 64978
11802 , 22, 64998
883 , 285, 65019
882 , 286, 65040
3973 , 372, 65062
3973 , 296, 65082
3973 , 292, 65103
1743 , 28, 65125
13391 , 28, 65146
4686 , 124, 65166
4730 , 124, 65187
12699 , 386, 65208
731 , 234, 65229
891 , 292, 65250
901 , 293, 65270
911 , 294, 65290
3973 , 192, 65311
3973 , 198, 65331
10959 , 27, 65351
6863 , 27, 65372
4935 , 124, 65393
4980 , 92, 65414
9756 , 210, 65434
15964 , 14, 65454
5532 , 346, 65474
932 , 301, 65494
935 , 302, 65514
3973 , 252, 65534
3973 , 304, 18
2383 , 26, 39
13135 , 27, 61
5164 , 124, 82
5204 , 124, 102
14109 , 382, 123
5085 , 218, 144
13597 , 62, 163
983 , 307, 183
1000 , 308, 203
3973 , 16, 224
3973 , 62, 245
9807 , 27, 265
4431 , 27, 286
5382 , 124, 306
5424 , 124, 326
5468 , 124, 345
3998 , 14, 365
9246 , 382, 385
1263 , 315, 405
0 , 323, 425
3973 , 446, 445
3973 , 238, 465
1743 , 27, 485
13391 , 27, 505
7375 , 26, 524
5640 , 124, 543
5685 , 124, 563
3807 , 318, 584
16159 , 166, 603
2041 , 320, 623
1993 , 323, 642
3973 , 82, 662
3973 , 182, 682
11087 , 26, 701
5583 , 26, 721
463 , 26, 741
5869 , 124, 762
5911 , 124, 781
8096 , 130, 801
6240 , 470, 821
1828 , 329, 841
1795 , 329, 861
3973 , 390, 880
3973 , 88, 901
3973 , 282, 921
13135 , 28, 941
8911 , 28, 961
6104 , 124, 981
6348 , 124, 1002
16096 , 414, 1022
14433 , 258, 1042
1675 , 335, 1061
1651 , 336, 1081
1633 , 339, 1102
3971 , 222, 1121
3971 , 202, 1141
6735 , 29, 1161
1871 , 29, 1180
6325 , 124, 1200
6369 , 124, 1219
6625 , 206, 1239
6178 , 50, 1260
1572 , 343, 1281
1554 , 344, 1301
1537 , 345, 1321
3971 , 268, 1342
3972 , 76, 1362
15695 , 31, 1382
10319 , 32, 1402
6551 , 124, 1422
6595 , 124, 1442
14818 , 506, 1463
12898 , 330, 1484
12003 , 198, 1505
1486 , 351, 1526
1478 , 353, 1547
3971 , 450, 1568
3971 , 322, 1589
7887 , 34, 1610
3151 , 35, 1631
6778 , 124, 1652
6821 , 124, 1673
6867 , 124, 1694
11619 , 102, 1715
14179 , 430, 1737
1452 , 359, 1757
1443 , 359, 1778
3971 , 406, 1800
3971 , 318, 1822
15439 , 38, 1843
10831 , 40, 1864
7004 , 124, 1886
7046 , 124, 1908
7093 , 124, 1930
6500 , 334, 1951
7204 , 154, 1973
1432 , 5, 1995
1434 , 6, 2017
3971 , 6, 2039
3971 , 468, 2061
12239 , 39, 2082
7119 , 25, 2103
2639 , 25, 2124
7273 , 124, 2146
7316 , 124, 2167
13221 , 66, 2189
15397 , 402, 2210
1437 , 13, 2231
1447 , 13, 2253
3971 , 292, 2274
3971 , 264, 2294
3971 , 218, 2315
1871 , 24, 2337
12879 , 24, 2358
7501 , 124, 2379
7543 , 124, 2400
9894 , 378, 2421
12774 , 202, 2442
1469 , 19, 2462
1478 , 20, 2482
3971 , 172, 2503
3971 , 162, 2524
3971 , 158, 2545
11087 , 26, 2565
6223 , 25, 2586
7736 , 124, 2607
7780 , 124, 2627
10279 , 134, 2648
487 , 474, 2669
1527 , 26, 2691
1495 , 29, 2712
1405 , 30, 2732
3971 , 174, 2752
3971 , 192, 2771
5711 , 34, 2791
3919 , 28, 2810
7981 , 124, 2830
8027 , 124, 2850
13096 , 422, 2871
872 , 278, 2891
5352 , 114, 2911
1310 , 36, 2931
1326 , 37, 2951
3971 , 310, 2971
3971 , 330, 2991
15439 , 31, 3011
10191 , 32, 3031
8221 , 124, 3052
8262 , 124, 3071
4905 , 274, 3091
14057 , 122, 3111
5161 , 482, 3131
1423 , 43, 3150
1415 , 45, 3169
3971 , 60, 3188
3971 , 122, 3208
14671 , 26, 3228
9551 , 0, 3247
8457 , 124, 3283
8499 , 124, 3302
15402 , 130, 3321
10154 , 490, 3339
928 , 50, 3359
921 , 50, 3380
3971 , 376, 3400
3971 , 468, 3420
7631 , 33, 3438
2511 , 33, 3458
13775 , 34, 3477
8687 , 124, 3496
8731 , 124, 3515
5930 , 450, 3534
2859 , 302, 3554
972 , 56, 3574
1107 , 59, 3594
3971 , 435, 3614
3972 , 69, 3633
3972 , 192, 3653
13135 , 35, 3672
7887 , 34, 3690
8918 , 124, 3710
8963 , 124, 3730
4779 , 270, 3750
2284 , 110, 3770
1024 , 64, 3789
1006 , 65, 3810
3972 , 195, 3830
3972 , 389, 3850
3972 , 73, 3869
6223 , 37, 3889
847 , 36, 3909
9148 , 124, 3930
9192 , 124, 3949
11116 , 94, 3969
9580 , 446, 3989
947 , 71, 4009
936 , 72, 4029
925 , 75, 4048
3973 , 71, 4068
3973 , 237, 4088
16207 , 38, 4109
10959 , 39, 4128
9376 , 124, 4147
9419 , 124, 4167
6720 , 370, 4186
6400 , 202, 4206
6209 , 42, 4226
891 , 80, 4246
886 , 81, 4267
3971 , 465, 4287
3971 , 437, 4308
11215 , 35, 4329
5455 , 34, 4349
9611 , 124, 4369
9654 , 124, 4389
8897 , 214, 4409
9089 , 54, 4429
11649 , 398, 4450
862 , 87, 4470
859 , 88, 4490
3971 , 15, 4511
3971 , 21, 4531
7247 , 37, 4551
1487 , 39, 4572
9849 , 124, 4593
9892 , 124, 4614
9936 , 124, 4634
2178 , 434, 4654
4354 , 278, 4674
853 , 94, 4694
850 , 97, 4714
3971 , 17, 4734
3971 , 495, 4753
1487 , 37, 4774
13263 , 37, 4794
8527 , 37, 4815
10117 , 60, 4836
10383 , 76, 4857
1411 , 230, 4877
10755 , 90, 4897
851 , 103, 4917
855 , 104, 4937
3972 , 71, 4958
3971 , 227, 4979
12751 , 34, 5001
7503 , 34, 5022
2639 , 33, 5042
10338 , 124, 5063
10382 , 124, 5084
7748 , 86, 5105
11716 , 426, 5126
870 , 109, 5148
873 , 110, 5170
3971 , 407, 5190
3972 , 297, 5211
3972 , 379, 5233
1615 , 33, 5254
12751 , 32, 5275
10572 , 124, 5296
10615 , 124, 5318
3205 , 378, 5339
2565 , 210, 5360
900 , 117, 5381
910 , 118, 5402
918 , 119, 5423
131 , 349, 5443
3968 , 1, 5465
10703 , 31, 5486
6351 , 30, 5507
10804 , 124, 5527
10848 , 124, 5547
6534 , 354, 5567
6086 , 206, 5588
955 , 124, 5609
967 , 125, 5629
978 , 127, 5650
3972 , 19, 5671
3972 , 71, 5693
8015 , 30, 5714
3151 , 29, 5735
11047 , 124, 5755
11091 , 124, 5776
4679 , 142, 5797
14663 , 498, 5817
10055 , 358, 5838
1045 , 133, 5860
1066 , 134, 5881
3972 , 317, 5902
3972 , 387, 5922
1487 , 29, 5942
13007 , 28, 5963
11278 , 124, 5983
11322 , 124, 6004
11367 , 124, 6026
8008 , 338, 6046
3976 , 206, 6067
1163 , 139, 6088
1188 , 140, 6109
3972 , 271, 6130
3972 , 369, 6150
10447 , 27, 6170
5071 , 27, 6192
11507 , 124, 6214
31 , 124, 6235
74 , 124, 6257
8649 , 90, 6278
5833 , 450, 6298
1304 , 147, 6318
1322 , 148, 6338
3972 , 407, 6359
3972 , 343, 6381
335 , 29, 6402
11599 , 28, 6422
5711 , 28, 6443
248 , 124, 6465
293 , 124, 6486
14282 , 346, 6507
12106 , 206, 6528
823 , 154, 6549
800 , 155, 6570
3972 , 305, 6590
3972 , 499, 6611
3972 , 161, 6633
1359 , 31, 6654
12879 , 30, 6675
468 , 124, 6696
511 , 124, 6718
7499 , 66, 6738
6667 , 414, 6759
769 , 160, 6778
769 , 163, 6798
3972 , 437, 6819
3972 , 153, 6839
3972 , 435, 6861
10959 , 30, 6882
5455 , 32, 6904
698 , 124, 6926
742 , 124, 6947
5387 , 390, 6969
4748 , 238, 6991
833 , 168, 7013
828 , 169, 7034
818 , 170, 7056
3972 , 63, 7078
3972 , 251, 7100
8399 , 0, 7122
8399 , 0, 7143
920 , 124, 7166
966 , 124, 7187
5580 , 78, 7209
6028 , 450, 7230
6413 , 294, 7251
929 , 177, 7272
909 , 178, 7292
3972 , 393, 7311
3972 , 257, 7331
6607 , 63, 7350
1615 , 62, 7370
1150 , 124, 7390
1192 , 124, 7409
9805 , 354, 7428
10637 , 194, 7446
11598 , 6, 7464
1011 , 183, 7482
1066 , 185, 7499
3972 , 510, 7518
3972 , 412, 7538
15183 , 56, 7558
9935 , 56, 7579
1371 , 124, 7600
1413 , 124, 7622
1460 , 124, 7642
2446 , 390, 7663
4366 , 206, 7684
872 , 191, 7706
0 , 198, 7727
3972 , 104, 7749
3972 , 54, 7771
8143 , 52, 7793
2895 , 51, 7815
14415 , 50, 7837
1662 , 124, 7859
1703 , 124, 7882
16143 , 126, 7903
2639 , 482, 7926
1087 , 196, 7947
1091 , 199, 7970
3971 , 368, 7991
3971 , 466, 8013
591 , 48, 8034
11471 , 49, 8056
6735 , 48, 8078
1882 , 124, 8099
1923 , 124, 8121
2576 , 398, 8142
6480 , 226, 8162
1104 , 204, 8183
1127 , 205, 8204
3971 , 20, 8244
3971 , 448, 8266
8399 , 46, 8287
3279 , 47, 8308
2058 , 124, 8330
2104 , 124, 8350
5969 , 202, 8371
11089 , 34, 8393
1154 , 209, 8414
1170 , 210, 8435
1183 , 212, 8457
3971 , 402, 8478
3971 , 312, 8500
13775 , 45, 8522
8399 , 44, 8543
2279 , 124, 8565
2321 , 124, 8587
6673 , 406, 8610
14674 , 234, 8631
3858 , 71, 8654
1242 , 217, 8676
1260 , 218, 8698
3971 , 282, 8719
3971 , 448, 8742
6351 , 45, 8764
847 , 45, 8786
2506 , 124, 8809
2552 , 124, 8832
466 , 146, 8854
12562 , 498, 8877
14547 , 490, 8899
1169 , 224, 8921
1126 , 227, 8943
3971 , 34, 8965
3971 , 50, 8987
16207 , 45, 9009
10831 , 45, 9030
2741 , 124, 9051
2784 , 124, 9071
2828 , 124, 9092
788 , 6, 9113
1172 , 358, 9134
1180 , 232, 9156
1208 , 233, 9178
3971 , 412, 9200
3971 , 508, 9222
10191 , 45, 9245
4687 , 45, 9267
16335 , 46, 9290
3017 , 124, 9311
3060 , 124, 9334
1556 , 334, 9355
85 , 146, 9377
1202 , 239, 9398
1200 , 240, 9419
3972 , 136, 9441
3977 , 398, 9462
2895 , 46, 9484
13775 , 46, 9506
9423 , 47, 9527
3246 , 124, 9549
3289 , 124, 9570
22 , 186, 9591
14933 , 362, 9612
1202 , 247, 9633
1182 , 248, 9654
3976 , 130, 9675
3976 , 218, 9697
3975 , 350, 9718
9295 , 39, 9740
4303 , 41, 9762
3472 , 124, 9783
3516 , 124, 9805
13206 , 314, 9826
13398 , 166, 9848
1129 , 254, 9869
1122 , 255, 9890
1112 , 256, 9913
3975 , 390, 9934
3975 , 106, 9956
3663 , 42, 9978
14415 , 43, 9999
3708 , 124, 10021
3751 , 124, 10042
10839 , 146, 10062
9687 , 58, 10083
1071 , 261, 10104
1065 , 262, 10125
1057 , 264, 10146
3974 , 126, 10167
3974 , 460, 10189
2255 , 28, 10210
13263 , 29, 10230
3935 , 124, 10251
3979 , 124, 10272
14232 , 458, 10293
15320 , 314, 10312
1112 , 154, 10332
933 , 270, 10352
923 , 271, 10372
3974 , 306, 10393
3974 , 188, 10414
13007 , 29, 10435
6351 , 31, 10455
4169 , 124, 10477
4211 , 124, 10498
4254 , 124, 10518
4505 , 138, 10538
10521 , 490, 10559
870 , 277, 10579
870 , 278, 10600
3909 , 206, 10621
3973 , 126, 10642
4687 , 32, 10662
16335 , 31, 10683
4392 , 124, 10705
4436 , 124, 10726
4478 , 124, 10746
6298 , 422, 10768
8922 , 238, 10790
860 , 285, 10810
873 , 286, 10831
3973 , 370, 10852
3973 , 346, 10873
1103 , 29, 10894
12495 , 29, 10915
7503 , 28, 10937
4671 , 124, 10958
4714 , 124, 10978
11227 , 250, 10998
15963 , 70, 11019
899 , 292, 11040
923 , 292, 11061
3973 , 218, 11082
3973 , 204, 11104
3973 , 202, 11126
6607 , 28, 11147
1871 , 27, 11169
4918 , 124, 11190
4965 , 124, 11212
12124 , 58, 11234
12892 , 394, 11255
972 , 299, 11276
944 , 301, 11298
3973 , 224, 11320
3973 , 244, 11342
3973 , 288, 11363
14927 , 26, 11386
9807 , 26, 11408
5149 , 76, 11430
5189 , 124, 11452
11101 , 242, 11474
1885 , 82, 11495
991 , 305, 11517
980 , 306, 11538
995 , 309, 11560
3973 , 4, 11582
3973 , 28, 11603
5583 , 27, 11625
335 , 27, 11646
5362 , 124, 11668
5408 , 124, 11689
10141 , 502, 11709
6174 , 358, 11730
14110 , 194, 11750
2409 , 312, 11770
2336 , 315, 11791
3973 , 380, 11812
3973 , 396, 11833
11855 , 27, 11853
6991 , 27, 11873
5777 , 124, 11893
5608 , 124, 11913
13982 , 202, 11934
10079 , 54, 11954
7519 , 406, 11975
2081 , 320, 11996
2035 , 321, 12017
3972 , 488, 12037
3973 , 134, 12058
3791 , 27, 12078
15183 , 26, 12100
5798 , 124, 12121
5845 , 124, 12142
5886 , 124, 12163
14687 , 366, 12185
9632 , 190, 12206
1846 , 327, 12226
1821 , 328, 12246
3973 , 222, 12267
3973 , 474, 12288
12367 , 27, 12309
6607 , 27, 12330
1615 , 28, 12351
6076 , 124, 12373
6325 , 124, 12393
13472 , 134, 12412
11808 , 502, 12431
1689 , 335, 12452
1666 , 336, 12472
3971 , 336, 12491
3971 , 258, 12512
6735 , 28, 12532
975 , 28, 12552
11983 , 29, 12571
6303 , 124, 12591
6346 , 124, 12611
3937 , 78, 12632
15457 , 422, 12652
1577 , 342, 12672
1559 , 343, 12691
3971 , 362, 12711
3971 , 66, 12731
3972 , 152, 12750
10831 , 31, 12770
5327 , 32, 12791
6537 , 124, 12812
6579 , 124, 12833
7586 , 382, 12853
6434 , 222, 12872
1503 , 349, 12892
1489 , 350, 12910
1481 , 352, 12929
3971 , 504, 12948
3971 , 352, 12968
3919 , 35, 12989
14799 , 35, 13010
6769 , 124, 13030
6813 , 124, 13051
4899 , 198, 13073
7331 , 46, 13093
1456 , 356, 13114
1447 , 358, 13134
1444 , 359, 13155
3971 , 408, 13176
3971 , 316, 13197
13903 , 38, 13218
8655 , 40, 13240
7001 , 124, 13261
7044 , 124, 13281
548 , 42, 13319
1380 , 362, 13341
1434 , 4, 13362
1434 , 5, 13383
3971 , 82, 13403
3971 , 10, 13424
14543 , 40, 13444
14799 , 39, 13464
7192 , 124, 13485
7238 , 124, 13506
7280 , 124, 13527
4901 , 298, 13549
12389 , 106, 13570
1437 , 10, 13590
1438 , 13, 13611
3971 , 318, 13630
3971 , 286, 13650
12105 , 24, 13670
7113 , 24, 13691
631 , 124, 13711
7457 , 124, 13733
7500 , 124, 13754
7974 , 22, 13774
10342 , 374, 13795
1460 , 18, 13815
1466 , 19, 13834
3971 , 180, 13855
3971 , 172, 13875
3535 , 27, 13915
14799 , 26, 13936
7640 , 124, 13958
7686 , 124, 13979
4262 , 426, 13999
4199 , 242, 14020
1501 , 24, 14041
1508 , 24, 14061
3971 , 158, 14101
3971 , 160, 14122
3008 , 25, 14143
14272 , 0, 14164
7830 , 124, 14185
7874 , 124, 14205
807 , 174, 14226
12647 , 26, 14246
1422 , 29, 14266
1334 , 30, 14287
1269 , 33, 14308
3971 , 202, 14328
3971 , 220, 14348
8911 , 29, 14369
1487 , 28, 14390
8054 , 124, 14410
8099 , 124, 14430
11560 , 470, 14451
168 , 310, 14472
5800 , 37, 14493
1339 , 38, 14512
1360 , 39, 14531
3971 , 370, 14551
3971 , 406, 14571
14159 , 32, 14590
9423 , 33, 14609
8280 , 124, 14629
8322 , 124, 14649
11817 , 210, 14669
4009 , 58, 14688
12969 , 426, 14707
1410 , 44, 14726
1365 , 47, 14745
3971 , 120, 14763
3971 , 190, 14782
8399 , 0, 14801
14159 , 0, 14821
8494 , 124, 14841
8535 , 124, 14859
8582 , 124, 14878
6506 , 230, 14898
2218 , 74, 14917
922 , 52, 14935
926 , 53, 14954
3971 , 38, 14971
3971 , 126, 14990
11471 , 34, 15009
6863 , 34, 15026
1231 , 32, 15045
8769 , 124, 15063
8813 , 124, 15082
16043 , 34, 15102
12715 , 394, 15119
1092 , 58, 15138
1070 , 61, 15156
3972 , 129, 15175
3972 , 273, 15193
3151 , 34, 15210
14031 , 34, 15227
8783 , 35, 15246
8992 , 124, 15265
9036 , 124, 15284
1644 , 322, 15302
15084 , 158, 15322
1000 , 67, 15342
983 , 68, 15361
3972 , 485, 15380
3972 , 173, 15399
3972 , 415, 15418
7247 , 36, 15438
2127 , 37, 15458
9217 , 124, 15478
9259 , 124, 15499
9024 , 114, 15520
7232 , 462, 15541
934 , 73, 15562
921 , 74, 15582
911 , 77, 15602
3973 , 319, 15623
3973 , 13, 15645
15695 , 39, 15666
11087 , 39, 15687
9446 , 124, 15709
9488 , 124, 15730
6464 , 310, 15752
6145 , 142, 15774
890 , 81, 15795
886 , 82, 15818
878 , 83, 15839
3971 , 421, 15861
3203 , 309, 15882
6351 , 35, 15904
1359 , 36, 15925
9663 , 124, 15946
9708 , 124, 15968
9217 , 26, 15990
11393 , 382, 16011
12098 , 218, 16033
859 , 88, 16054
856 , 90, 16076
3971 , 35, 16098
3970 , 503, 16119
14031 , 38, 16141
8399 , 38, 16162
9876 , 124, 16184
9921 , 124, 16206
9962 , 124, 16228
3330 , 130, 16250
6210 , 482, 16272
851 , 96, 16294
850 , 97, 16315
3971 , 491, 16337
3971 , 451, 16358
6863 , 36, 16380
1871 , 36, 16402
10074 , 124, 16424
10119 , 124, 16446
10164 , 124, 16466
11139 , 354, 16488
3331 , 198, 16510
854 , 103, 16531
855 , 104, 16553
3971 , 511, 16574
3971 , 191, 16596
15439 , 32, 16618
11215 , 33, 16639
5327 , 32, 16661
10347 , 124, 16682
10391 , 124, 16703
8196 , 134, 16724
13060 , 466, 16746
870 , 109, 16767
873 , 110, 16789
3971 , 405, 16811
3972 , 287, 16833
3972 , 379, 16854
2767 , 30, 16875
13903 , 29, 16897
10568 , 124, 16918
10613 , 124, 16941
2565 , 318, 16962
3269 , 158, 16984
901 , 117, 17005
908 , 117, 17026
3972 , 325, 17047
131 , 343, 17069
3968 , 1, 17090
11087 , 28, 17112
5967 , 28, 17134
10797 , 124, 17155
10842 , 124, 17177
6918 , 246, 17198
6534 , 102, 17220
951 , 123, 17241
964 , 124, 17262
975 , 126, 17284
3972 , 9, 17306
3972 , 63, 17326
5327 , 26, 17347
1231 , 26, 17369
11033 , 124, 17390
11077 , 124, 17410
4103 , 18, 17431
1223 , 358, 17452
11783 , 215, 17473
1039 , 132, 17494
1058 , 132, 17515
3972 , 279, 17536
3972 , 345, 17557
13647 , 27, 17578
8783 , 27, 17598
11259 , 122, 17620
11304 , 124, 17642
13704 , 338, 17663
10312 , 194, 17685
5896 , 30, 17706
1150 , 138, 17728
1174 , 141, 17750
3972 , 233, 17771
3972 , 301, 17793
9679 , 20, 17814
3151 , 21, 17835
11487 , 124, 17856
10 , 124, 17877
53 , 124, 17898
9673 , 482, 17919
6537 , 322, 17941
1293 , 146, 17962
1318 , 147, 17983
3972 , 353, 18005
3972 , 511, 18026
1615 , 21, 18046
12367 , 23, 18067
5967 , 22, 18089
236 , 124, 18110
282 , 124, 18130
14666 , 238, 18150
13386 , 86, 18171
823 , 153, 18191
801 , 154, 18211
3972 , 345, 18232
3972 , 429, 18253
6223 , 27, 18274
591 , 27, 18294
11727 , 28, 18314
465 , 124, 18334
509 , 124, 18354
7371 , 78, 18374
6667 , 414, 18394
771 , 160, 18414
769 , 163, 18435
3972 , 349, 18455
3972 , 437, 18475
3972 , 63, 18496
11471 , 30, 18516
4431 , 33, 18535
699 , 124, 18554
742 , 124, 18574
5195 , 414, 18593
4364 , 258, 18613
831 , 169, 18632
822 , 170, 18650
816 , 171, 18670
3972 , 455, 18689
3972 , 349, 18707
591 , 72, 18726
12111 , 71, 18743
943 , 124, 18762
990 , 124, 18781
5708 , 330, 18801
6541 , 154, 18821
935 , 176, 18841
913 , 177, 18862
910 , 178, 18883
3972 , 311, 18903
3972 , 177, 18923
463 , 62, 18943
11727 , 60, 18963
1195 , 124, 18983
1238 , 124, 19003
11021 , 206, 19023
12046 , 46, 19044
13966 , 414, 19065
1068 , 184, 19086
1068 , 186, 19106
3971 , 18, 19127
3971 , 466, 19149
14159 , 55, 19169
9039 , 55, 19190
1434 , 124, 19210
1480 , 124, 19231
1539 , 124, 19252
6158 , 434, 19273
8719 , 238, 19294
0 , 198, 19315
1074 , 193, 19337
3971 , 30, 19358
3971 , 490, 19379
10959 , 50, 19400
6095 , 51, 19422
1695 , 124, 19443
1736 , 124, 19465
1782 , 124, 19486
5391 , 242, 19508
9488 , 78, 19530
1096 , 199, 19551
1085 , 200, 19574
3971 , 296, 19595
3971 , 258, 19618
8911 , 48, 19640
3663 , 47, 19662
14927 , 46, 19684
1979 , 124, 19706
2021 , 124, 19728
13008 , 150, 19750
1488 , 490, 19773
1140 , 207, 19795
1152 , 208, 19818
3970 , 312, 19840
3970 , 378, 19862
3970 , 496, 19884
16079 , 45, 19906
11599 , 45, 19929
2225 , 124, 19951
2268 , 124, 19974
13585 , 502, 19996
4689 , 338, 20018
1208 , 214, 20041
1224 , 216, 20063
3971 , 106, 20086
3971 , 176, 20109
3971 , 174, 20131
11727 , 44, 20154
7247 , 45, 20177
2466 , 124, 20199
2509 , 124, 20222
9170 , 334, 20243
82 , 174, 20266
1253 , 222, 20287
1203 , 223, 20310
1169 , 224, 20331
3971 , 404, 20353
3971 , 430, 20375
4687 , 45, 20397
16335 , 45, 20418
2694 , 124, 20439
2737 , 124, 20461
3859 , 322, 20482
2963 , 150, 20505
1492 , 35, 20526
1206 , 231, 20549
1181 , 232, 20570
3971 , 374, 20593
3972 , 8, 20614
15695 , 44, 20637
10319 , 45, 20658
2928 , 124, 20681
2974 , 124, 20703
16148 , 154, 20726
3604 , 470, 20748
1748 , 322, 20770
1261 , 238, 20793
1292 , 238, 20815
3968 , 0, 20837
3968 , 0, 20859
8527 , 47, 20882
3023 , 46, 20905
3161 , 124, 20927
3202 , 124, 20949
3248 , 124, 20971
22 , 330, 20993
22 , 174, 21015
1227 , 244, 21037
1184 , 247, 21059
3976 , 164, 21082
3976 , 184, 21104
1871 , 43, 21126
13135 , 40, 21149
7887 , 38, 21171
3424 , 124, 21194
3468 , 124, 21215
23 , 50, 21238
12822 , 226, 21260
1082 , 252, 21282
1056 , 253, 21304
3975 , 162, 21326
3975 , 308, 21347
8527 , 40, 21370
3535 , 42, 21391
14543 , 43, 21414
3645 , 124, 21436
3686 , 124, 21459
10711 , 158, 21482
10455 , 2, 21504
974 , 259, 21526
968 , 260, 21549
3974 , 174, 21570
3974 , 492, 21593
3974 , 272, 21615
79 , 42, 21638
11599 , 29, 21660
3872 , 124, 21683
3914 , 124, 21706
13720 , 434, 21727
14808 , 270, 21750
940 , 267, 21773
928 , 268, 21795
910 , 268, 21818
3974 , 28, 21840
3974 , 376, 21862
12495 , 29, 21885
7247 , 28, 21906
4108 , 124, 21929
4148 , 124, 21951
15449 , 326, 21973
1113 , 158, 21995
902 , 275, 22017
900 , 276, 22039
899 , 276, 22061
3973 , 362, 22082
3909 , 246, 22105
9551 , 32, 22126
3791 , 32, 22148
4347 , 124, 22170
4389 , 124, 22192
154 , 242, 22214
1626 , 66, 22236
6170 , 414, 22258
911 , 282, 22279
923 , 285, 22301
3973 , 424, 22322
3973 , 376, 22343
5583 , 30, 22365
847 , 29, 22386
4580 , 124, 22406
4624 , 124, 22426
4666 , 124, 22446
5339 , 402, 22465
11355 , 234, 22483
934 , 291, 22502
945 , 292, 22520
3973 , 220, 22539
3973 , 208, 22559
591 , 28, 22579
11599 , 28, 22598
4811 , 124, 22618
4856 , 124, 22638
4918 , 124, 22659
6364 , 202, 22679
11740 , 50, 22699
983 , 297, 22719
997 , 298, 22739
3973 , 224, 22759
3973 , 232, 22779
9935 , 26, 22799
5071 , 26, 22819
719 , 26, 22840
5109 , 84, 22861
5149 , 76, 22882
6748 , 434, 22904
10781 , 266, 22926
1077 , 305, 22947
1103 , 305, 22967
3973 , 372, 22988
3973 , 424, 23009
3973 , 481, 23030
9679 , 27, 23050
4815 , 27, 23072
5316 , 124, 23094
5359 , 124, 23116
10909 , 62, 23138
4317 , 402, 23158
2587 , 310, 23180
2501 , 311, 23201
3973 , 156, 23222
3973 , 284, 23243
3973 , 342, 23265
15951 , 27, 23286
11215 , 27, 23307
5728 , 4, 23327
5772 , 124, 23349
12062 , 238, 23370
8606 , 74, 23391
2232 , 317, 23412
2153 , 318, 23434
2098 , 319, 23454
3973 , 348, 23474
3972 , 450, 23494
2639 , 27, 23514
14671 , 27, 23535
5732 , 116, 23555
5770 , 124, 23576
13791 , 442, 23597
8095 , 294, 23618
15711 , 146, 23638
1916 , 324, 23658
1876 , 327, 23677
3973 , 480, 23696
3973 , 154, 23717
10575 , 26, 23737
5199 , 27, 23757
5952 , 124, 23778
5997 , 124, 23798
2464 , 226, 23819
14176 , 66, 23839
12704 , 450, 23860
1738 , 332, 23881
1709 , 333, 23902
3973 , 430, 23923
3973 , 98, 23944
975 , 29, 23965
12239 , 29, 23986
6389 , 124, 24005
6219 , 124, 24024
6262 , 124, 24043
3361 , 330, 24063
2401 , 178, 24082
1613 , 339, 24101
1600 , 341, 24119
3971 , 210, 24138
3971 , 256, 24157
7759 , 30, 24175
2511 , 31, 24194
13647 , 30, 24214
6437 , 124, 24233
6481 , 124, 24253
13538 , 38, 24274
10402 , 390, 24294
1532 , 346, 24314
1518 , 347, 24334
3972 , 26, 24354
3972 , 362, 24372
13007 , 33, 24390
7759 , 32, 24408
3023 , 33, 24426
6653 , 124, 24445
6695 , 124, 24464
11683 , 226, 24482
5987 , 62, 24501
1477 , 352, 24519
1472 , 355, 24537
3971 , 326, 24571
3971 , 200, 24589
2255 , 35, 24608
13263 , 37, 24627
6821 , 124, 24646
6865 , 124, 24666
9635 , 66, 24686
11491 , 446, 24705
1451 , 359, 24722
1442 , 0, 24741
1441 , 0, 24758
3971 , 314, 24778
3971 , 234, 24797
11727 , 40, 24816
6223 , 40, 24836
7054 , 124, 24855
7100 , 124, 24874
2212 , 402, 24893
4580 , 258, 24911
1432 , 6, 24930
1432 , 6, 24950
1432 , 9, 24970
3971 , 452, 24989
3971 , 406, 25008
11209 , 25, 25027
6479 , 24, 25047
7288 , 124, 25066
7331 , 124, 25086
16101 , 182, 25105
4645 , 34, 25123
9765 , 354, 25142
1449 , 15, 25162
1452 , 16, 25182
3971 , 224, 25202
3971 , 204, 25223
6991 , 24, 25243
1743 , 24, 25262
7519 , 124, 25281
7565 , 124, 25301
7607 , 124, 25321
12902 , 314, 25341
39 , 350, 25361
1483 , 21, 25382
1490 , 22, 25403
3971 , 164, 25423
3971 , 142, 25443
15695 , 25, 25463
9551 , 25, 25483
6981 , 124, 25504
7794 , 124, 25524
7839 , 124, 25545
8551 , 94, 25566
40 , 142, 25586
1459 , 28, 25606
1376 , 31, 25625
3971 , 178, 25646
3971 , 188, 25666
8015 , 33, 25686
6863 , 29, 25706
1999 , 0, 25726
8031 , 124, 25746
8077 , 124, 25766
40 , 314, 25786
4072 , 158, 25806
1312 , 37, 25826
1335 , 37, 25845
3971 , 314, 25864
3971 , 348, 25883
3971 , 390, 25904
12239 , 32, 25925
6735 , 32, 25944
8271 , 124, 25962
8316 , 124, 25979
11881 , 198, 25998
4073 , 50, 26016
1429 , 43, 26035
1400 , 44, 26054
1347 , 88, 26074
3971 , 146, 26095
3971 , 222, 26115
12495 , 0, 26135
2383 , 0, 26155
8506 , 124, 26175
8553 , 124, 26195
9130 , 34, 26215
3626 , 386, 26236
921 , 51, 26257
920 , 53, 26278
928 , 54, 26298
3971 , 66, 26318
3971 , 172, 26339
15951 , 34, 26360
11087 , 34, 26381
8737 , 124, 26401
8780 , 124, 26422
2603 , 346, 26443
15019 , 182, 26464
10923 , 22, 26485
1081 , 59, 26505
1064 , 60, 26526
3972 , 189, 26547
3972 , 359, 26567
9167 , 34, 26589
3791 , 34, 26610
8966 , 124, 26631
9011 , 124, 26653
9068 , 134, 26673
15788 , 474, 26694
13420 , 310, 26714
992 , 66, 26734
978 , 69, 26754
3972 , 71, 26774
3972 , 255, 26795
1871 , 36, 26815
13263 , 36, 26835
9198 , 124, 26855
9242 , 124, 26875
9285 , 124, 26895
7616 , 314, 26916
7168 , 158, 26937
925 , 75, 26958
917 , 76, 26979
3973 , 239, 27000
3973 , 409, 27021
11727 , 39, 27042
7119 , 40, 27063
2127 , 39, 27084
9468 , 124, 27105
9511 , 124, 27127
6145 , 106, 27148
6657 , 466, 27169
885 , 81, 27188
879 , 82, 27208
3971 , 415, 27229
3203 , 267, 27249
2947 , 34, 27270
15567 , 36, 27290
11087 , 37, 27311
9691 , 124, 27332
9733 , 124, 27353
10113 , 350, 27373
11714 , 190, 27392
860 , 89, 27413
858 , 90, 27433
3971 , 27, 27454
3971 , 1, 27474
3970 , 493, 27495
4303 , 39, 27516
14799 , 39, 27537
9894 , 124, 27557
10156 , 4, 27577
2754 , 494, 27597
4674 , 322, 27617
853 , 95, 27637
850 , 97, 27658
850 , 98, 27679
3971 , 461, 27699
131 , 391, 27719
12111 , 42, 27738
6479 , 40, 27758
10123 , 124, 27778
10165 , 124, 27799
1539 , 242, 27819
11395 , 98, 27839
7427 , 103, 27860
855 , 103, 27881
857 , 104, 27901
3971 , 261, 27921
3968 , 1, 27941
4175 , 38, 27961
15439 , 39, 27981
10562 , 124, 28002
10373 , 124, 28023
6596 , 50, 28045
11972 , 378, 28066
324 , 222, 28086
875 , 111, 28106
879 , 112, 28126
3971 , 455, 28147
3972 , 363, 28167
14799 , 37, 28189
9423 , 36, 28209
10563 , 124, 28230
10607 , 124, 28250
10652 , 124, 28270
3397 , 158, 28291
10309 , 510, 28312
908 , 117, 28333
916 , 118, 28354
131 , 345, 28375
3968 , 1, 28396
7887 , 35, 28417
2639 , 33, 28438
13519 , 32, 28460
10832 , 124, 28482
10876 , 124, 28503
6854 , 14, 28525
7174 , 362, 28546
959 , 125, 28568
974 , 126, 28589
3972 , 511, 28610
3972 , 29, 28631
335 , 32, 28653
12239 , 31, 28674
7375 , 30, 28696
11062 , 124, 28718
11107 , 124, 28740
3527 , 242, 28762
13639 , 66, 28784
1034 , 131, 28806
1051 , 132, 28829
3972 , 157, 28871
3972 , 331, 28893
8911 , 29, 28915
3023 , 30, 28937
11246 , 122, 28959
11289 , 124, 28981
15240 , 202, 29003
11016 , 42, 29026
1118 , 136, 29047
1140 , 139, 29070
1165 , 140, 29091
3972 , 171, 29113
3972 , 283, 29134
1487 , 29, 29155
12751 , 29, 29178
11469 , 124, 29199
11514 , 124, 29221
13192 , 482, 29242
10441 , 342, 29263
1255 , 144, 29284
1287 , 145, 29304
1308 , 147, 29325
3972 , 279, 29346
3972 , 439, 29366
8527 , 29, 29387
3791 , 29, 29408
174 , 124, 29429
219 , 124, 29450
777 , 254, 29470
15178 , 98, 29490
13962 , 430, 29511
974 , 153, 29532
822 , 154, 29553
3972 , 63, 29573
3972 , 325, 29593
14671 , 31, 29613
8655 , 30, 29633
388 , 124, 29653
431 , 124, 29672
475 , 124, 29693
8394 , 262, 29713
7179 , 110, 29733
773 , 159, 29751
771 , 160, 29770
3972 , 241, 29790
3972 , 435, 29808
3663 , 33, 29826
14671 , 35, 29845
9695 , 124, 29864
652 , 124, 29883
697 , 124, 29902
5323 , 510, 29921
5451 , 362, 29939
839 , 167, 29957
835 , 168, 29974
3973 , 23, 29991
3973 , 369, 30008
10831 , 37, 30026
5583 , 37, 30044
719 , 37, 30063
870 , 124, 30082
915 , 124, 30102
5324 , 206, 30121
5516 , 70, 30141
0 , 179, 30159
1095 , 175, 30177
3973 , 323, 30195
3973 , 411, 30214
3973 , 197, 30234
1615 , 0, 30253
2255 , 0, 30272
1092 , 124, 30291
1137 , 124, 30311
7501 , 394, 30330
9101 , 246, 30349
1040 , 179, 30368
1066 , 180, 30387
964 , 245, 30407
3972 , 95, 30426
3972 , 471, 30445
13135 , 59, 30464
8015 , 57, 30483
1299 , 124, 30502
1345 , 124, 30520
14222 , 14, 30538
15822 , 382, 30558
1070 , 187, 30577
1067 , 188, 30597
1073 , 188, 30616
3972 , 18, 30635
3972 , 366, 30654
3151 , 53, 30674
14543 , 53, 30692
1530 , 124, 30711
1571 , 124, 30730
7759 , 118, 30750
10255 , 486, 30770
13327 , 318, 30789
1080 , 195, 30809
1082 , 196, 30830
3972 , 20, 30850
3972 , 416, 30869
10191 , 50, 30889
4815 , 49, 30908
1751 , 124, 30928
1795 , 124, 30948
1836 , 124, 30967
10256 , 194, 30988
14608 , 34, 31008
1090 , 201, 31027
1098 , 202, 31046
3971 , 116, 31066
3971 , 26, 31085
2767 , 47, 31105
14415 , 46, 31125
1968 , 124, 31144
2014 , 124, 31163
2059 , 124, 31183
144 , 402, 31203
6033 , 230, 31222
1146 , 209, 31242
1160 , 209, 31262
3971 , 204, 31283
3971 , 174, 31303
10319 , 46, 31342
5583 , 45, 31363
2198 , 124, 31385
2240 , 124, 31405
7633 , 250, 31426
14929 , 90, 31446
1193 , 213, 31467
1209 , 214, 31487
3971 , 268, 31508
3971 , 332, 31529
3971 , 342, 31550
847 , 44, 31570
11855 , 45, 31591
2415 , 124, 31611
2463 , 124, 31632
9618 , 422, 31653
914 , 238, 31673
1281 , 221, 31694
1261 , 222, 31714
3971 , 466, 31734
3971 , 40, 31754
3971 , 86, 31775
6735 , 45, 31796
1359 , 45, 31817
2634 , 124, 31838
2681 , 124, 31859
13459 , 274, 31880
10003 , 142, 31901
1137 , 226, 31922
1163 , 229, 31941
1185 , 230, 31961
3971 , 426, 31982
3972 , 108, 32002
13135 , 44, 32022
7631 , 44, 32043
2853 , 124, 32063
2894 , 124, 32084
852 , 14, 32103
16148 , 390, 32123
8020 , 202, 32142
1250 , 235, 32162
1291 , 236, 32182
3972 , 334, 32202
3972 , 474, 32223
4943 , 46, 32243
16079 , 46, 32264
3078 , 124, 32285
3126 , 124, 32306
15829 , 274, 32326
14357 , 94, 32347
13717 , 458, 32367
1382 , 243, 32388
1510 , 243, 32409
3972 , 156, 32429
3972 , 300, 32448
12111 , 48, 32468
7503 , 45, 32488
3301 , 124, 32509
3347 , 124, 32530
3389 , 124, 32549
5654 , 298, 32568
23 , 262, 32587
2022 , 248, 32607
2132 , 251, 32626
3975 , 322, 32645
3975 , 456, 32665
6095 , 41, 32685
1103 , 40, 32705
12111 , 41, 32726
3572 , 124, 32746
3613 , 124, 32766
11991 , 86, 32786
11863 , 422, 32805
2030 , 257, 32822
1989 , 257, 32842
3975 , 102, 32861
3974 , 364, 32882
3983 , 43, 32902
10063 , 45, 32922
5199 , 43, 32943
3800 , 124, 32963
3841 , 124, 32984
24 , 62, 33005
24 , 414, 33025
1145 , 265, 33046
1132 , 265, 33066
3974 , 438, 33087
3974 , 280, 33107
3974 , 100, 33128
9679 , 29, 33148
5199 , 29, 33168
4033 , 124, 33187
4076 , 124, 33208
920 , 246, 33228
2009 , 58, 33248
975 , 271, 33286
957 , 272, 33306
3974 , 146, 33326
3974 , 14, 33345
8399 , 31, 33363
3023 , 34, 33382
4221 , 124, 33402
4263 , 124, 33421
7513 , 214, 33441
10905 , 42, 33459
13977 , 394, 33478
606 , 280, 33496
615 , 280, 33514
3973 , 118, 33531
3973 , 48, 33549
3535 , 31, 33567
15183 , 30, 33584
4444 , 124, 33601
4487 , 124, 33618
5914 , 474, 33637
9434 , 298, 33655
12250 , 150, 33674
918 , 286, 33690
913 , 287, 33708
3973 , 352, 33726
3973 , 274, 33745
12751 , 29, 33763
7503 , 28, 33780
4670 , 124, 33798
4713 , 124, 33817
4758 , 124, 33836
16027 , 82, 33855
13275 , 442, 33874
944 , 292, 33892
945 , 295, 33910
3973 , 210, 33930
3973 , 198, 33949
6095 , 28, 33967
1231 , 27, 33986
12751 , 27, 34006
4962 , 124, 34025
5008 , 124, 34043
12700 , 374, 34062
2908 , 194, 34082
957 , 300, 34101
969 , 301, 34121
